[0. 0.],[0.         0.28284271],[0.         0.56568542],
[0.         0.84852814],[0.         1.13137085],[0.00740741 0.02618914],
[0.00740741 0.30903185],[0.00740741 0.59187456],[0.00740741 0.87471728],
[0.00740741 1.15755999],[0.01481481 0.05237828],[0.01481481 0.33522099],
[0.01481481 0.61806371],[0.01481481 0.90090642],[0.01481481 1.18374913],
[0.02222222 0.07856742],[0.02222222 0.36141013],[0.02222222 0.64425285],
[0.02222222 0.92709556],[0.02222222 1.20993827],[0.02962963 0.10475656],
[0.02962963 0.38759927],[0.02962963 0.67044199],[0.02962963 0.9532847 ],
[0.02962963 1.23612741],[0.03703704 0.1309457 ],[0.03703704 0.41378841],
[0.03703704 0.69663113],[0.03703704 0.97947384],[0.03703704 1.26231655],
[0.04444444 0.15713484],[0.04444444 0.43997755],[0.04444444 0.72282027],
[0.04444444 1.00566298],[0.04444444 1.28850569],[0.05185185 0.18332398],
[0.05185185 0.46616669],[0.05185185 0.74900941],[0.05185185 1.03185212],
[0.05185185 1.31469483],[0.05925926 0.20951312],[0.05925926 0.49235583],
[0.05925926 0.77519855],[0.05925926 1.05804126],[0.05925926 1.34088397],
[0.06666667 0.23570226],[0.06666667 0.51854497],[0.06666667 0.80138769],
[0.06666667 1.0842304 ],[0.06666667 1.36707311],[0.07407407 0.2618914 ],
[0.07407407 0.54473411],[0.07407407 0.82757683],[0.07407407 1.11041954],
[0.07407407 1.39326225],[0.08148148 0.28808054],[0.08148148 0.57092325],
[0.08148148 0.85376597],[0.08148148 1.13660868],[0.08148148 0.00523783],
[0.08888889 0.31426968],[0.08888889 0.59711239],[0.08888889 0.87995511],
[0.08888889 1.16279782],[0.08888889 0.03142697],[0.0962963  0.34045882],
[0.0962963  0.62330153],[0.0962963  0.90614425],[0.0962963  1.18898696],
[0.0962963  0.05761611],[0.1037037  0.36664796],[0.1037037  0.64949067],
[0.1037037  0.93233339],[0.1037037 1.2151761],[0.1037037  0.08380525],
[0.11111111 0.3928371 ],[0.11111111 0.67567981],[0.11111111 0.95852253],
[0.11111111 1.24136524],[0.11111111 0.10999439],[0.11851852 0.41902624],
[0.11851852 0.70186895],[0.11851852 0.98471167],[0.11851852 1.26755438],
[0.11851852 0.13618353],[0.12592593 0.44521538],[0.12592593 0.72805809],
[0.12592593 1.01090081],[0.12592593 1.29374352],[0.12592593 0.16237267],
[0.13333333 0.47140452],[0.13333333 0.75424723],[0.13333333 1.03708995],
[0.13333333 1.31993266],[0.13333333 0.18856181],[0.14074074 0.49759366],
[0.14074074 0.78043637],[0.14074074 1.06327909],[0.14074074 1.3461218 ],
[0.14074074 0.21475095],[0.14814815 0.5237828 ],[0.14814815 0.80662551],
[0.14814815 1.08946823],[0.14814815 1.37231094],[0.14814815 0.24094009],
[0.15555556 0.54997194],[0.15555556 0.83281465],[0.15555556 1.11565737],
[0.15555556 1.39850008],[0.15555556 0.26712923],[0.16296296 0.57616108],
[0.16296296 0.85900379],[0.16296296 1.14184651],[0.16296296 0.01047566],
[0.16296296 0.29331837],[0.17037037 0.60235022],[0.17037037 0.88519293],
[0.17037037 1.16803565],[0.17037037 0.0366648 ],[0.17037037 0.31950751],
[0.17777778 0.62853936],[0.17777778 0.91138207],[0.17777778 1.19422479],
[0.17777778 0.06285394],[0.17777778 0.34569665],[0.18518519 0.6547285 ],
[0.18518519 0.93757121],[0.18518519 1.22041393],[0.18518519 0.08904308],
[0.18518519 0.37188579],[0.19259259 0.68091764],[0.19259259 0.96376035],
[0.19259259 1.24660307],[0.19259259 0.11523222],[0.19259259 0.39807493],
[0.2        0.70710678],[0.2        0.98994949],[0.2        1.27279221],
[0.2        0.14142136],[0.2        0.42426407],[0.20740741 0.73329592],
[0.20740741 1.01613863],[0.20740741 1.29898135],[0.20740741 0.1676105 ],
[0.20740741 0.45045321],[0.21481481 0.75948506],[0.21481481 1.04232777],
[0.21481481 1.32517049],[0.21481481 0.19379964],[0.21481481 0.47664235],
[0.22222222 0.7856742 ],[0.22222222 1.06851691],[0.22222222 1.35135963],
[0.22222222 0.21998878],[0.22222222 0.50283149],[0.22962963 0.81186334],
[0.22962963 1.09470605],[0.22962963 1.37754877],[0.22962963 0.24617792],
[0.22962963 0.52902063],[0.23703704 0.83805248],[0.23703704 1.12089519],
[0.23703704 1.40373791],[0.23703704 0.27236706],[0.23703704 0.55520977],
[0.24444444 0.86424162],[0.24444444 1.14708433],[0.24444444 0.01571348],
[0.24444444 0.2985562 ],[0.24444444 0.58139891],[0.25185185 0.89043076],
[0.25185185 1.17327347],[0.25185185 0.04190262],[0.25185185 0.32474534],
[0.25185185 0.60758805],[0.25925926 0.9166199 ],[0.25925926 1.19946261],
[0.25925926 0.06809176],[0.25925926 0.35093448],[0.25925926 0.63377719],
[0.26666667 0.94280904],[0.26666667 1.22565175],[0.26666667 0.0942809 ],
[0.26666667 0.37712362],[0.26666667 0.65996633],[0.27407407 0.96899818],
[0.27407407 1.25184089],[0.27407407 0.12047004],[0.27407407 0.40331276],
[0.27407407 0.68615547],[0.28148148 0.99518732],[0.28148148 1.27803003],
[0.28148148 0.14665918],[0.28148148 0.4295019 ],[0.28148148 0.71234461],
[0.28888889 1.02137646],[0.28888889 1.30421917],[0.28888889 0.17284832],
[0.28888889 0.45569104],[0.28888889 0.73853375],[0.2962963 1.0475656],
[0.2962963  1.33040831],[0.2962963  0.19903746],[0.2962963  0.48188018],
[0.2962963  0.76472289],[0.3037037  1.07375474],[0.3037037  1.35659745],
[0.3037037 0.2252266],[0.3037037  0.50806932],[0.3037037  0.79091203],
[0.31111111 1.09994388],[0.31111111 1.38278659],[0.31111111 0.25141574],
[0.31111111 0.53425846],[0.31111111 0.81710117],[0.31851852 1.12613302],
[0.31851852 1.40897573],[0.31851852 0.27760488],[0.31851852 0.5604476 ],
[0.31851852 0.84329031],[0.32592593 1.15232216],[0.32592593 0.02095131],
[0.32592593 0.30379402],[0.32592593 0.58663674],[0.32592593 0.86947945],
[0.33333333 1.1785113 ],[0.33333333 0.04714045],[0.33333333 0.32998316],
[0.33333333 0.61282588],[0.33333333 0.89566859],[0.34074074 1.20470044],
[0.34074074 0.07332959],[0.34074074 0.3561723 ],[0.34074074 0.63901502],
[0.34074074 0.92185773],[0.34814815 1.23088958],[0.34814815 0.09951873],
[0.34814815 0.38236144],[0.34814815 0.66520416],[0.34814815 0.94804687],
[0.35555556 1.25707872],[0.35555556 0.12570787],[0.35555556 0.40855058],
[0.35555556 0.6913933 ],[0.35555556 0.97423601],[0.36296296 1.28326786],
[0.36296296 0.15189701],[0.36296296 0.43473972],[0.36296296 0.71758244],
[0.36296296 1.00042515],[0.37037037 1.309457  ],[0.37037037 0.17808615],
[0.37037037 0.46092886],[0.37037037 0.74377158],[0.37037037 1.02661429],
[0.37777778 1.33564614],[0.37777778 0.20427529],[0.37777778 0.487118  ],
[0.37777778 0.76996072],[0.37777778 1.05280343],[0.38518519 1.36183528],
[0.38518519 0.23046443],[0.38518519 0.51330714],[0.38518519 0.79614986],
[0.38518519 1.07899257],[0.39259259 1.38802442],[0.39259259 0.25665357],
[0.39259259 0.53949628],[0.39259259 0.822339  ],[0.39259259 1.10518171],
[0.4 0. ],[0.4        0.28284271],[0.4        0.56568542],
[0.4        0.84852814],[0.4        1.13137085],[0.40740741 0.02618914],
[0.40740741 0.30903185],[0.40740741 0.59187456],[0.40740741 0.87471728],
[0.40740741 1.15755999],[0.41481481 0.05237828],[0.41481481 0.33522099],
[0.41481481 0.61806371],[0.41481481 0.90090642],[0.41481481 1.18374913],
[0.42222222 0.07856742],[0.42222222 0.36141013],[0.42222222 0.64425285],
[0.42222222 0.92709556],[0.42222222 1.20993827],[0.42962963 0.10475656],
[0.42962963 0.38759927],[0.42962963 0.67044199],[0.42962963 0.9532847 ],
[0.42962963 1.23612741],[0.43703704 0.1309457 ],[0.43703704 0.41378841],
[0.43703704 0.69663113],[0.43703704 0.97947384],[0.43703704 1.26231655],
[0.44444444 0.15713484],[0.44444444 0.43997755],[0.44444444 0.72282027],
[0.44444444 1.00566298],[0.44444444 1.28850569],[0.45185185 0.18332398],
[0.45185185 0.46616669],[0.45185185 0.74900941],[0.45185185 1.03185212],
[0.45185185 1.31469483],[0.45925926 0.20951312],[0.45925926 0.49235583],
[0.45925926 0.77519855],[0.45925926 1.05804126],[0.45925926 1.34088397],
[0.46666667 0.23570226],[0.46666667 0.51854497],[0.46666667 0.80138769],
[0.46666667 1.0842304 ],[0.46666667 1.36707311],[0.47407407 0.2618914 ],
[0.47407407 0.54473411],[0.47407407 0.82757683],[0.47407407 1.11041954],
[0.47407407 1.39326225],[0.48148148 0.28808054],[0.48148148 0.57092325],
[0.48148148 0.85376597],[0.48148148 1.13660868],[0.48148148 0.00523783],
[0.48888889 0.31426968],[0.48888889 0.59711239],[0.48888889 0.87995511],
[0.48888889 1.16279782],[0.48888889 0.03142697],[0.4962963  0.34045882],
[0.4962963  0.62330153],[0.4962963  0.90614425],[0.4962963  1.18898696],
[0.4962963  0.05761611],[0.5037037  0.36664796],[0.5037037  0.64949067],
[0.5037037  0.93233339],[0.5037037 1.2151761],[0.5037037  0.08380525],
[0.51111111 0.3928371 ],[0.51111111 0.67567981],[0.51111111 0.95852253],
[0.51111111 1.24136524],[0.51111111 0.10999439],[0.51851852 0.41902624],
[0.51851852 0.70186895],[0.51851852 0.98471167],[0.51851852 1.26755438],
[0.51851852 0.13618353],[0.52592593 0.44521538],[0.52592593 0.72805809],
[0.52592593 1.01090081],[0.52592593 1.29374352],[0.52592593 0.16237267],
[0.53333333 0.47140452],[0.53333333 0.75424723],[0.53333333 1.03708995],
[0.53333333 1.31993266],[0.53333333 0.18856181],[0.54074074 0.49759366],
[0.54074074 0.78043637],[0.54074074 1.06327909],[0.54074074 1.3461218 ],
[0.54074074 0.21475095],[0.54814815 0.5237828 ],[0.54814815 0.80662551],
[0.54814815 1.08946823],[0.54814815 1.37231094],[0.54814815 0.24094009],
[0.55555556 0.54997194],[0.55555556 0.83281465],[0.55555556 1.11565737],
[0.55555556 1.39850008],[0.55555556 0.26712923],[0.56296296 0.57616108],
[0.56296296 0.85900379],[0.56296296 1.14184651],[0.56296296 0.01047566],
[0.56296296 0.29331837],[0.57037037 0.60235022],[0.57037037 0.88519293],
[0.57037037 1.16803565],[0.57037037 0.0366648 ],[0.57037037 0.31950751],
[0.57777778 0.62853936],[0.57777778 0.91138207],[0.57777778 1.19422479],
[0.57777778 0.06285394],[0.57777778 0.34569665],[0.58518519 0.6547285 ],
[0.58518519 0.93757121],[0.58518519 1.22041393],[0.58518519 0.08904308],
[0.58518519 0.37188579],[0.59259259 0.68091764],[0.59259259 0.96376035],
[0.59259259 1.24660307],[0.59259259 0.11523222],[0.59259259 0.39807493],
[0.6        0.70710678],[0.6        0.98994949],[0.6        1.27279221],
[0.6        0.14142136],[0.6        0.42426407],[0.60740741 0.73329592],
[0.60740741 1.01613863],[0.60740741 1.29898135],[0.60740741 0.1676105 ],
[0.60740741 0.45045321],[0.61481481 0.75948506],[0.61481481 1.04232777],
[0.61481481 1.32517049],[0.61481481 0.19379964],[0.61481481 0.47664235],
[0.62222222 0.7856742 ],[0.62222222 1.06851691],[0.62222222 1.35135963],
[0.62222222 0.21998878],[0.62222222 0.50283149],[0.62962963 0.81186334],
[0.62962963 1.09470605],[0.62962963 1.37754877],[0.62962963 0.24617792],
[0.62962963 0.52902063],[0.63703704 0.83805248],[0.63703704 1.12089519],
[0.63703704 1.40373791],[0.63703704 0.27236706],[0.63703704 0.55520977],
[0.64444444 0.86424162],[0.64444444 1.14708433],[0.64444444 0.01571348],
[0.64444444 0.2985562 ],[0.64444444 0.58139891],[0.65185185 0.89043076],
[0.65185185 1.17327347],[0.65185185 0.04190262],[0.65185185 0.32474534],
[0.65185185 0.60758805],[0.65925926 0.9166199 ],[0.65925926 1.19946261],
[0.65925926 0.06809176],[0.65925926 0.35093448],[0.65925926 0.63377719],
[0.66666667 0.94280904],[0.66666667 1.22565175],[0.66666667 0.0942809 ],
[0.66666667 0.37712362],[0.66666667 0.65996633],[0.67407407 0.96899818],
[0.67407407 1.25184089],[0.67407407 0.12047004],[0.67407407 0.40331276],
[0.67407407 0.68615547],[0.68148148 0.99518732],[0.68148148 1.27803003],
[0.68148148 0.14665918],[0.68148148 0.4295019 ],[0.68148148 0.71234461],
[0.68888889 1.02137646],[0.68888889 1.30421917],[0.68888889 0.17284832],
[0.68888889 0.45569104],[0.68888889 0.73853375],[0.6962963 1.0475656],
[0.6962963  1.33040831],[0.6962963  0.19903746],[0.6962963  0.48188018],
[0.6962963  0.76472289],[0.7037037  1.07375474],[0.7037037  1.35659745],
[0.7037037 0.2252266],[0.7037037  0.50806932],[0.7037037  0.79091203],
[0.71111111 1.09994388],[0.71111111 1.38278659],[0.71111111 0.25141574],
[0.71111111 0.53425846],[0.71111111 0.81710117],[0.71851852 1.12613302],
[0.71851852 1.40897573],[0.71851852 0.27760488],[0.71851852 0.5604476 ],
[0.71851852 0.84329031],[0.72592593 1.15232216],[0.72592593 0.02095131],
[0.72592593 0.30379402],[0.72592593 0.58663674],[0.72592593 0.86947945],
[0.73333333 1.1785113 ],[0.73333333 0.04714045],[0.73333333 0.32998316],
[0.73333333 0.61282588],[0.73333333 0.89566859],[0.74074074 1.20470044],
[0.74074074 0.07332959],[0.74074074 0.3561723 ],[0.74074074 0.63901502],
[0.74074074 0.92185773],[0.74814815 1.23088958],[0.74814815 0.09951873],
[0.74814815 0.38236144],[0.74814815 0.66520416],[0.74814815 0.94804687],
[0.75555556 1.25707872],[0.75555556 0.12570787],[0.75555556 0.40855058],
[0.75555556 0.6913933 ],[0.75555556 0.97423601],[0.76296296 1.28326786],
[0.76296296 0.15189701],[0.76296296 0.43473972],[0.76296296 0.71758244],
[0.76296296 1.00042515],[0.77037037 1.309457  ],[0.77037037 0.17808615],
[0.77037037 0.46092886],[0.77037037 0.74377158],[0.77037037 1.02661429],
[0.77777778 1.33564614],[0.77777778 0.20427529],[0.77777778 0.487118  ],
[0.77777778 0.76996072],[0.77777778 1.05280343],[0.78518519 1.36183528],
[0.78518519 0.23046443],[0.78518519 0.51330714],[0.78518519 0.79614986],
[0.78518519 1.07899257],[0.79259259 1.38802442],[0.79259259 0.25665357],
[0.79259259 0.53949628],[0.79259259 0.822339  ],[0.79259259 1.10518171],
[0.8 0. ],[0.8        0.28284271],[0.8        0.56568542],
[0.8        0.84852814],[0.8        1.13137085],[0.80740741 0.02618914],
[0.80740741 0.30903185],[0.80740741 0.59187456],[0.80740741 0.87471728],
[0.80740741 1.15755999],[0.81481481 0.05237828],[0.81481481 0.33522099],
[0.81481481 0.61806371],[0.81481481 0.90090642],[0.81481481 1.18374913],
[0.82222222 0.07856742],[0.82222222 0.36141013],[0.82222222 0.64425285],
[0.82222222 0.92709556],[0.82222222 1.20993827],[0.82962963 0.10475656],
[0.82962963 0.38759927],[0.82962963 0.67044199],[0.82962963 0.9532847 ],
[0.82962963 1.23612741],[0.83703704 0.1309457 ],[0.83703704 0.41378841],
[0.83703704 0.69663113],[0.83703704 0.97947384],[0.83703704 1.26231655],
[0.84444444 0.15713484],[0.84444444 0.43997755],[0.84444444 0.72282027],
[0.84444444 1.00566298],[0.84444444 1.28850569],[0.85185185 0.18332398],
[0.85185185 0.46616669],[0.85185185 0.74900941],[0.85185185 1.03185212],
[0.85185185 1.31469483],[0.85925926 0.20951312],[0.85925926 0.49235583],
[0.85925926 0.77519855],[0.85925926 1.05804126],[0.85925926 1.34088397],
[0.86666667 0.23570226],[0.86666667 0.51854497],[0.86666667 0.80138769],
[0.86666667 1.0842304 ],[0.86666667 1.36707311],[0.87407407 0.2618914 ],
[0.87407407 0.54473411],[0.87407407 0.82757683],[0.87407407 1.11041954],
[0.87407407 1.39326225],[0.88148148 0.28808054],[0.88148148 0.57092325],
[0.88148148 0.85376597],[0.88148148 1.13660868],[0.88148148 0.00523783],
[0.88888889 0.31426968],[0.88888889 0.59711239],[0.88888889 0.87995511],
[0.88888889 1.16279782],[0.88888889 0.03142697],[0.8962963  0.34045882],
[0.8962963  0.62330153],[0.8962963  0.90614425],[0.8962963  1.18898696],
[0.8962963  0.05761611],[0.9037037  0.36664796],[0.9037037  0.64949067],
[0.9037037  0.93233339],[0.9037037 1.2151761],[0.9037037  0.08380525],
[0.91111111 0.3928371 ],[0.91111111 0.67567981],[0.91111111 0.95852253],
[0.91111111 1.24136524],[0.91111111 0.10999439],[0.91851852 0.41902624],
[0.91851852 0.70186895],[0.91851852 0.98471167],[0.91851852 1.26755438],
[0.91851852 0.13618353],[0.92592593 0.44521538],[0.92592593 0.72805809],
[0.92592593 1.01090081],[0.92592593 1.29374352],[0.92592593 0.16237267],
[0.93333333 0.47140452],[0.93333333 0.75424723],[0.93333333 1.03708995],
[0.93333333 1.31993266],[0.93333333 0.18856181],[0.94074074 0.49759366],
[0.94074074 0.78043637],[0.94074074 1.06327909],[0.94074074 1.3461218 ],
[0.94074074 0.21475095],[0.94814815 0.5237828 ],[0.94814815 0.80662551],
[0.94814815 1.08946823],[0.94814815 1.37231094],[0.94814815 0.24094009],
[0.95555556 0.54997194],[0.95555556 0.83281465],[0.95555556 1.11565737],
[0.95555556 1.39850008],[0.95555556 0.26712923],[0.96296296 0.57616108],
[0.96296296 0.85900379],[0.96296296 1.14184651],[0.96296296 0.01047566],
[0.96296296 0.29331837],[0.97037037 0.60235022],[0.97037037 0.88519293],
[0.97037037 1.16803565],[0.97037037 0.0366648 ],[0.97037037 0.31950751],
[0.97777778 0.62853936],[0.97777778 0.91138207],[0.97777778 1.19422479],
[0.97777778 0.06285394],[0.97777778 0.34569665],[0.98518519 0.6547285 ],
[0.98518519 0.93757121],[0.98518519 1.22041393],[0.98518519 0.08904308],
[0.98518519 0.37188579],[0.99259259 0.68091764],[0.99259259 0.96376035],
[0.99259259 1.24660307],[0.99259259 0.11523222],[0.99259259 0.39807493],
[0.         0.70710678],[0.         0.98994949],[0.         1.27279221],
[0.         0.14142136],[0.         0.42426407],[0.00740741 0.73329592],
[0.00740741 1.01613863],[0.00740741 1.29898135],[0.00740741 0.1676105 ],
[0.00740741 0.45045321],[0.01481481 0.75948506],[0.01481481 1.04232777],
[0.01481481 1.32517049],[0.01481481 0.19379964],[0.01481481 0.47664235],
[0.02222222 0.7856742 ],[0.02222222 1.06851691],[0.02222222 1.35135963],
[0.02222222 0.21998878],[0.02222222 0.50283149],[0.02962963 0.81186334],
[0.02962963 1.09470605],[0.02962963 1.37754877],[0.02962963 0.24617792],
[0.02962963 0.52902063],[0.03703704 0.83805248],[0.03703704 1.12089519],
[0.03703704 1.40373791],[0.03703704 0.27236706],[0.03703704 0.55520977],
[0.04444444 0.86424162],[0.04444444 1.14708433],[0.04444444 0.01571348],
[0.04444444 0.2985562 ],[0.04444444 0.58139891],[0.05185185 0.89043076],
[0.05185185 1.17327347],[0.05185185 0.04190262],[0.05185185 0.32474534],
[0.05185185 0.60758805],[0.05925926 0.9166199 ],[0.05925926 1.19946261],
[0.05925926 0.06809176],[0.05925926 0.35093448],[0.05925926 0.63377719],
[0.06666667 0.94280904],[0.06666667 1.22565175],[0.06666667 0.0942809 ],
[0.06666667 0.37712362],[0.06666667 0.65996633],[0.07407407 0.96899818],
[0.07407407 1.25184089],[0.07407407 0.12047004],[0.07407407 0.40331276],
[0.07407407 0.68615547],[0.08148148 0.99518732],[0.08148148 1.27803003],
[0.08148148 0.14665918],[0.08148148 0.4295019 ],[0.08148148 0.71234461],
[0.08888889 1.02137646],[0.08888889 1.30421917],[0.08888889 0.17284832],
[0.08888889 0.45569104],[0.08888889 0.73853375],[0.0962963 1.0475656],
[0.0962963  1.33040831],[0.0962963  0.19903746],[0.0962963  0.48188018],
[0.0962963  0.76472289],[0.1037037  1.07375474],[0.1037037  1.35659745],
[0.1037037 0.2252266],[0.1037037  0.50806932],[0.1037037  0.79091203],
[0.11111111 1.09994388],[0.11111111 1.38278659],[0.11111111 0.25141574],
[0.11111111 0.53425846],[0.11111111 0.81710117],[0.11851852 1.12613302],
[0.11851852 1.40897573],[0.11851852 0.27760488],[0.11851852 0.5604476 ],
[0.11851852 0.84329031],[0.12592593 1.15232216],[0.12592593 0.02095131],
[0.12592593 0.30379402],[0.12592593 0.58663674],[0.12592593 0.86947945],
[0.13333333 1.1785113 ],[0.13333333 0.04714045],[0.13333333 0.32998316],
[0.13333333 0.61282588],[0.13333333 0.89566859],[0.14074074 1.20470044],
[0.14074074 0.07332959],[0.14074074 0.3561723 ],[0.14074074 0.63901502],
[0.14074074 0.92185773],[0.14814815 1.23088958],[0.14814815 0.09951873],
[0.14814815 0.38236144],[0.14814815 0.66520416],[0.14814815 0.94804687],
[0.15555556 1.25707872],[0.15555556 0.12570787],[0.15555556 0.40855058],
[0.15555556 0.6913933 ],[0.15555556 0.97423601],[0.16296296 1.28326786],
[0.16296296 0.15189701],[0.16296296 0.43473972],[0.16296296 0.71758244],
[0.16296296 1.00042515],[0.17037037 1.309457  ],[0.17037037 0.17808615],
[0.17037037 0.46092886],[0.17037037 0.74377158],[0.17037037 1.02661429],
[0.17777778 1.33564614],[0.17777778 0.20427529],[0.17777778 0.487118  ],
[0.17777778 0.76996072],[0.17777778 1.05280343],[0.18518519 1.36183528],
[0.18518519 0.23046443],[0.18518519 0.51330714],[0.18518519 0.79614986],
[0.18518519 1.07899257],[0.19259259 1.38802442],[0.19259259 0.25665357],
[0.19259259 0.53949628],[0.19259259 0.822339  ],[0.19259259 1.10518171],
[0.2 0. ],[0.2        0.28284271],[0.2        0.56568542],
[0.2        0.84852814],[0.2        1.13137085],[0.20740741 0.02618914],
[0.20740741 0.30903185],[0.20740741 0.59187456],[0.20740741 0.87471728],
[0.20740741 1.15755999],[0.21481481 0.05237828],[0.21481481 0.33522099],
[0.21481481 0.61806371],[0.21481481 0.90090642],[0.21481481 1.18374913],
[0.22222222 0.07856742],[0.22222222 0.36141013],[0.22222222 0.64425285],
[0.22222222 0.92709556],[0.22222222 1.20993827],[0.22962963 0.10475656],
[0.22962963 0.38759927],[0.22962963 0.67044199],[0.22962963 0.9532847 ],
[0.22962963 1.23612741],[0.23703704 0.1309457 ],[0.23703704 0.41378841],
[0.23703704 0.69663113],[0.23703704 0.97947384],[0.23703704 1.26231655],
[0.24444444 0.15713484],[0.24444444 0.43997755],[0.24444444 0.72282027],
[0.24444444 1.00566298],[0.24444444 1.28850569],[0.25185185 0.18332398],
[0.25185185 0.46616669],[0.25185185 0.74900941],[0.25185185 1.03185212],
[0.25185185 1.31469483],[0.25925926 0.20951312],[0.25925926 0.49235583],
[0.25925926 0.77519855],[0.25925926 1.05804126],[0.25925926 1.34088397],
[0.26666667 0.23570226],[0.26666667 0.51854497],[0.26666667 0.80138769],
[0.26666667 1.0842304 ],[0.26666667 1.36707311],[0.27407407 0.2618914 ],
[0.27407407 0.54473411],[0.27407407 0.82757683],[0.27407407 1.11041954],
[0.27407407 1.39326225],[0.28148148 0.28808054],[0.28148148 0.57092325],
[0.28148148 0.85376597],[0.28148148 1.13660868],[0.28148148 0.00523783],
[0.28888889 0.31426968],[0.28888889 0.59711239],[0.28888889 0.87995511],
[0.28888889 1.16279782],[0.28888889 0.03142697],[0.2962963  0.34045882],
[0.2962963  0.62330153],[0.2962963  0.90614425],[0.2962963  1.18898696],
[0.2962963  0.05761611],[0.3037037  0.36664796],[0.3037037  0.64949067],
[0.3037037  0.93233339],[0.3037037 1.2151761],[0.3037037  0.08380525],
[0.31111111 0.3928371 ],[0.31111111 0.67567981],[0.31111111 0.95852253],
[0.31111111 1.24136524],[0.31111111 0.10999439],[0.31851852 0.41902624],
[0.31851852 0.70186895],[0.31851852 0.98471167],[0.31851852 1.26755438],
[0.31851852 0.13618353],[0.32592593 0.44521538],[0.32592593 0.72805809],
[0.32592593 1.01090081],[0.32592593 1.29374352],[0.32592593 0.16237267],
[0.33333333 0.47140452],[0.33333333 0.75424723],[0.33333333 1.03708995],
[0.33333333 1.31993266],[0.33333333 0.18856181],[0.34074074 0.49759366],
[0.34074074 0.78043637],[0.34074074 1.06327909],[0.34074074 1.3461218 ],
[0.34074074 0.21475095],[0.34814815 0.5237828 ],[0.34814815 0.80662551],
[0.34814815 1.08946823],[0.34814815 1.37231094],[0.34814815 0.24094009],
[0.35555556 0.54997194],[0.35555556 0.83281465],[0.35555556 1.11565737],
[0.35555556 1.39850008],[0.35555556 0.26712923],[0.36296296 0.57616108],
[0.36296296 0.85900379],[0.36296296 1.14184651],[0.36296296 0.01047566],
[0.36296296 0.29331837],[0.37037037 0.60235022],[0.37037037 0.88519293],
[0.37037037 1.16803565],[0.37037037 0.0366648 ],[0.37037037 0.31950751],
[0.37777778 0.62853936],[0.37777778 0.91138207],[0.37777778 1.19422479],
[0.37777778 0.06285394],[0.37777778 0.34569665],[0.38518519 0.6547285 ],
[0.38518519 0.93757121],[0.38518519 1.22041393],[0.38518519 0.08904308],
[0.38518519 0.37188579],[0.39259259 0.68091764],[0.39259259 0.96376035],
[0.39259259 1.24660307],[0.39259259 0.11523222],[0.39259259 0.39807493],
[0.4        0.70710678],[0.4        0.98994949],[0.4        1.27279221],
[0.4        0.14142136],[0.4        0.42426407],[0.40740741 0.73329592],
[0.40740741 1.01613863],[0.40740741 1.29898135],[0.40740741 0.1676105 ],
[0.40740741 0.45045321],[0.41481481 0.75948506],[0.41481481 1.04232777],
[0.41481481 1.32517049],[0.41481481 0.19379964],[0.41481481 0.47664235],
[0.42222222 0.7856742 ],[0.42222222 1.06851691],[0.42222222 1.35135963],
[0.42222222 0.21998878],[0.42222222 0.50283149],[0.42962963 0.81186334],
[0.42962963 1.09470605],[0.42962963 1.37754877],[0.42962963 0.24617792],
[0.42962963 0.52902063],[0.43703704 0.83805248],[0.43703704 1.12089519],
[0.43703704 1.40373791],[0.43703704 0.27236706],[0.43703704 0.55520977],
[0.44444444 0.86424162],[0.44444444 1.14708433],[0.44444444 0.01571348],
[0.44444444 0.2985562 ],[0.44444444 0.58139891],[0.45185185 0.89043076],
[0.45185185 1.17327347],[0.45185185 0.04190262],[0.45185185 0.32474534],
[0.45185185 0.60758805],[0.45925926 0.9166199 ],[0.45925926 1.19946261],
[0.45925926 0.06809176],[0.45925926 0.35093448],[0.45925926 0.63377719],
[0.46666667 0.94280904],[0.46666667 1.22565175],[0.46666667 0.0942809 ],
[0.46666667 0.37712362],[0.46666667 0.65996633],[0.47407407 0.96899818],
[0.47407407 1.25184089],[0.47407407 0.12047004],[0.47407407 0.40331276],
[0.47407407 0.68615547],[0.48148148 0.99518732],[0.48148148 1.27803003],
[0.48148148 0.14665918],[0.48148148 0.4295019 ],[0.48148148 0.71234461],
[0.48888889 1.02137646],[0.48888889 1.30421917],[0.48888889 0.17284832],
[0.48888889 0.45569104],[0.48888889 0.73853375],[0.4962963 1.0475656],
[0.4962963  1.33040831],[0.4962963  0.19903746],[0.4962963  0.48188018],
[0.4962963  0.76472289],[0.5037037  1.07375474],[0.5037037  1.35659745],
[0.5037037 0.2252266],[0.5037037  0.50806932],[0.5037037  0.79091203],
[0.51111111 1.09994388],[0.51111111 1.38278659],[0.51111111 0.25141574],
[0.51111111 0.53425846],[0.51111111 0.81710117],[0.51851852 1.12613302],
[0.51851852 1.40897573],[0.51851852 0.27760488],[0.51851852 0.5604476 ],
[0.51851852 0.84329031],[0.52592593 1.15232216],[0.52592593 0.02095131],
[0.52592593 0.30379402],[0.52592593 0.58663674],[0.52592593 0.86947945],
[0.53333333 1.1785113 ],[0.53333333 0.04714045],[0.53333333 0.32998316],
[0.53333333 0.61282588],[0.53333333 0.89566859],[0.54074074 1.20470044],
[0.54074074 0.07332959],[0.54074074 0.3561723 ],[0.54074074 0.63901502],
[0.54074074 0.92185773],[0.54814815 1.23088958],[0.54814815 0.09951873],
[0.54814815 0.38236144],[0.54814815 0.66520416],[0.54814815 0.94804687],
[0.55555556 1.25707872],[0.55555556 0.12570787],[0.55555556 0.40855058],
[0.55555556 0.6913933 ],[0.55555556 0.97423601],[0.56296296 1.28326786],
[0.56296296 0.15189701],[0.56296296 0.43473972],[0.56296296 0.71758244],
[0.56296296 1.00042515],[0.57037037 1.309457  ],[0.57037037 0.17808615],
[0.57037037 0.46092886],[0.57037037 0.74377158],[0.57037037 1.02661429],
[0.57777778 1.33564614],[0.57777778 0.20427529],[0.57777778 0.487118  ],
[0.57777778 0.76996072],[0.57777778 1.05280343],[0.58518519 1.36183528],
[0.58518519 0.23046443],[0.58518519 0.51330714],[0.58518519 0.79614986],
[0.58518519 1.07899257],[0.59259259 1.38802442],[0.59259259 0.25665357],
[0.59259259 0.53949628],[0.59259259 0.822339  ],[0.59259259 1.10518171],
[0.6 0. ],[0.6        0.28284271],[0.6        0.56568542],
[0.6        0.84852814],[0.6        1.13137085],[0.60740741 0.02618914],
[0.60740741 0.30903185],[0.60740741 0.59187456],[0.60740741 0.87471728],
[0.60740741 1.15755999],[0.61481481 0.05237828],[0.61481481 0.33522099],
[0.61481481 0.61806371],[0.61481481 0.90090642],[0.61481481 1.18374913],
[0.62222222 0.07856742],[0.62222222 0.36141013],[0.62222222 0.64425285],
[0.62222222 0.92709556],[0.62222222 1.20993827],[0.62962963 0.10475656],
[0.62962963 0.38759927],[0.62962963 0.67044199],[0.62962963 0.9532847 ],
[0.62962963 1.23612741],[0.63703704 0.1309457 ],[0.63703704 0.41378841],
[0.63703704 0.69663113],[0.63703704 0.97947384],[0.63703704 1.26231655],
[0.64444444 0.15713484],[0.64444444 0.43997755],[0.64444444 0.72282027],
[0.64444444 1.00566298],[0.64444444 1.28850569],[0.65185185 0.18332398],
[0.65185185 0.46616669],[0.65185185 0.74900941],[0.65185185 1.03185212],
[0.65185185 1.31469483],[0.65925926 0.20951312],[0.65925926 0.49235583],
[0.65925926 0.77519855],[0.65925926 1.05804126],[0.65925926 1.34088397],
[0.66666667 0.23570226],[0.66666667 0.51854497],[0.66666667 0.80138769],
[0.66666667 1.0842304 ],[0.66666667 1.36707311],[0.67407407 0.2618914 ],
[0.67407407 0.54473411],[0.67407407 0.82757683],[0.67407407 1.11041954],
[0.67407407 1.39326225],[0.68148148 0.28808054],[0.68148148 0.57092325],
[0.68148148 0.85376597],[0.68148148 1.13660868],[0.68148148 0.00523783],
[0.68888889 0.31426968],[0.68888889 0.59711239],[0.68888889 0.87995511],
[0.68888889 1.16279782],[0.68888889 0.03142697],[0.6962963  0.34045882],
[0.6962963  0.62330153],[0.6962963  0.90614425],[0.6962963  1.18898696],
[0.6962963  0.05761611],[0.7037037  0.36664796],[0.7037037  0.64949067],
[0.7037037  0.93233339],[0.7037037 1.2151761],[0.7037037  0.08380525],
[0.71111111 0.3928371 ],[0.71111111 0.67567981],[0.71111111 0.95852253],
[0.71111111 1.24136524],[0.71111111 0.10999439],[0.71851852 0.41902624],
[0.71851852 0.70186895],[0.71851852 0.98471167],[0.71851852 1.26755438],
[0.71851852 0.13618353],[0.72592593 0.44521538],[0.72592593 0.72805809],
[0.72592593 1.01090081],[0.72592593 1.29374352],[0.72592593 0.16237267],
[0.73333333 0.47140452],[0.73333333 0.75424723],[0.73333333 1.03708995],
[0.73333333 1.31993266],[0.73333333 0.18856181],[0.74074074 0.49759366],
[0.74074074 0.78043637],[0.74074074 1.06327909],[0.74074074 1.3461218 ],
[0.74074074 0.21475095],[0.74814815 0.5237828 ],[0.74814815 0.80662551],
[0.74814815 1.08946823],[0.74814815 1.37231094],[0.74814815 0.24094009],
[0.75555556 0.54997194],[0.75555556 0.83281465],[0.75555556 1.11565737],
[0.75555556 1.39850008],[0.75555556 0.26712923],[0.76296296 0.57616108],
[0.76296296 0.85900379],[0.76296296 1.14184651],[0.76296296 0.01047566],
[0.76296296 0.29331837],[0.77037037 0.60235022],[0.77037037 0.88519293],
[0.77037037 1.16803565],[0.77037037 0.0366648 ],[0.77037037 0.31950751],
[0.77777778 0.62853936],[0.77777778 0.91138207],[0.77777778 1.19422479],
[0.77777778 0.06285394],[0.77777778 0.34569665],[0.78518519 0.6547285 ],
[0.78518519 0.93757121],[0.78518519 1.22041393],[0.78518519 0.08904308],
[0.78518519 0.37188579],[0.79259259 0.68091764],[0.79259259 0.96376035],
[0.79259259 1.24660307],[0.79259259 0.11523222],[0.79259259 0.39807493],
[0.8        0.70710678],[0.8        0.98994949],[0.8        1.27279221],
[0.8        0.14142136],[0.8        0.42426407],[0.80740741 0.73329592],
[0.80740741 1.01613863],[0.80740741 1.29898135],[0.80740741 0.1676105 ],
[0.80740741 0.45045321],[0.81481481 0.75948506],[0.81481481 1.04232777],
[0.81481481 1.32517049],[0.81481481 0.19379964],[0.81481481 0.47664235],
[0.82222222 0.7856742 ],[0.82222222 1.06851691],[0.82222222 1.35135963],
[0.82222222 0.21998878],[0.82222222 0.50283149],[0.82962963 0.81186334],
[0.82962963 1.09470605],[0.82962963 1.37754877],[0.82962963 0.24617792],
[0.82962963 0.52902063],[0.83703704 0.83805248],[0.83703704 1.12089519],
[0.83703704 1.40373791],[0.83703704 0.27236706],[0.83703704 0.55520977],
[0.84444444 0.86424162],[0.84444444 1.14708433],[0.84444444 0.01571348],
[0.84444444 0.2985562 ],[0.84444444 0.58139891],[0.85185185 0.89043076],
[0.85185185 1.17327347],[0.85185185 0.04190262],[0.85185185 0.32474534],
[0.85185185 0.60758805],[0.85925926 0.9166199 ],[0.85925926 1.19946261],
[0.85925926 0.06809176],[0.85925926 0.35093448],[0.85925926 0.63377719],
[0.86666667 0.94280904],[0.86666667 1.22565175],[0.86666667 0.0942809 ],
[0.86666667 0.37712362],[0.86666667 0.65996633],[0.87407407 0.96899818],
[0.87407407 1.25184089],[0.87407407 0.12047004],[0.87407407 0.40331276],
[0.87407407 0.68615547],[0.88148148 0.99518732],[0.88148148 1.27803003],
[0.88148148 0.14665918],[0.88148148 0.4295019 ],[0.88148148 0.71234461],
[0.88888889 1.02137646],[0.88888889 1.30421917],[0.88888889 0.17284832],
[0.88888889 0.45569104],[0.88888889 0.73853375],[0.8962963 1.0475656],
[0.8962963  1.33040831],[0.8962963  0.19903746],[0.8962963  0.48188018],
[0.8962963  0.76472289],[0.9037037  1.07375474],[0.9037037  1.35659745],
[0.9037037 0.2252266],[0.9037037  0.50806932],[0.9037037  0.79091203],
[0.91111111 1.09994388],[0.91111111 1.38278659],[0.91111111 0.25141574],
[0.91111111 0.53425846],[0.91111111 0.81710117],[0.91851852 1.12613302],
[0.91851852 1.40897573],[0.91851852 0.27760488],[0.91851852 0.5604476 ],
[0.91851852 0.84329031],[0.92592593 1.15232216],[0.92592593 0.02095131],
[0.92592593 0.30379402],[0.92592593 0.58663674],[0.92592593 0.86947945],
[0.93333333 1.1785113 ],[0.93333333 0.04714045],[0.93333333 0.32998316],
[0.93333333 0.61282588],[0.93333333 0.89566859],[0.94074074 1.20470044],
[0.94074074 0.07332959],[0.94074074 0.3561723 ],[0.94074074 0.63901502],
[0.94074074 0.92185773],[0.94814815 1.23088958],[0.94814815 0.09951873],
[0.94814815 0.38236144],[0.94814815 0.66520416],[0.94814815 0.94804687],
[0.95555556 1.25707872],[0.95555556 0.12570787],[0.95555556 0.40855058],
[0.95555556 0.6913933 ],[0.95555556 0.97423601],[0.96296296 1.28326786],
[0.96296296 0.15189701],[0.96296296 0.43473972],[0.96296296 0.71758244],
[0.96296296 1.00042515],[0.97037037 1.309457  ],[0.97037037 0.17808615],
[0.97037037 0.46092886],[0.97037037 0.74377158],[0.97037037 1.02661429],
[0.97777778 1.33564614],[0.97777778 0.20427529],[0.97777778 0.487118  ],
[0.97777778 0.76996072],[0.97777778 1.05280343],[0.98518519 1.36183528],
[0.98518519 0.23046443],[0.98518519 0.51330714],[0.98518519 0.79614986],
[0.98518519 1.07899257],[0.99259259 1.38802442],[0.99259259 0.25665357],
[0.99259259 0.53949628],[0.99259259 0.822339  ],[0.99259259 1.10518171],

