[0.72857142,0.68496983],[0.08571428,1.61901960],[0.41428571,0.56042986],
[-0.2285714,1.49447963],[-0.0571428,0.37361990],[0.45714285,1.36993966],
[0.57142857,0.62269984],[0.25714285,0.49815987],[0.61428571,1.43220965],
[0.10000000,0.43588989],[0.14285714,1.24539969],[0.30000000,1.30766968],
[-0.1714285,1.12085972],[0.34285714,2.11717948],[0.78571428,0.31134992],
[0.18571428,2.05490950],[0.62857142,0.24907993],[-0.0142857,1.18312971],
[-0.2857142,1.86809954],[0.15714285,0.06226998],[0.67142857,1.05858974],
[0.02857142,1.99263951],[0.47142857,0.18680995],[0.51428571,0.99631975],
[-0.1285714,1.93036953],[0.31428571,0.12453996],[0.35714285,0.93404977],
[0.20000000,0.87177978],[0.24285714,1.68128959],[0.0,0.0],
[0.55714285,1.80582956],[0.04285714,0.80950980],[0.40000000,1.74355957],
[-0.1142857,0.74723981],[-0.0714285,1.55674962],
