[0. 0.],[0.09090909 0.        ],[0.18181818 0.        ],
[0.27272727 0.        ],[0.36363636 0.        ],[0.45454545 0.        ],
[0.54545455 0.        ],[0.63636364 0.        ],[0.72727273 0.        ],
[0.81818182 0.        ],[0.90909091 0.        ],[0.07454545 0.00792527],
[0.16545455 0.00792527],[0.25636364 0.00792527],[0.34727273 0.00792527],
[0.43818182 0.00792527],[0.52909091 0.00792527],[0.62       0.00792527],
[0.71090909 0.00792527],[0.80181818 0.00792527],[0.89272727 0.00792527],
[0.98363636 0.00792527],[0.14909091 0.01585054],[0.24       0.01585054],
[0.33090909 0.01585054],[0.42181818 0.01585054],[0.51272727 0.01585054],
[0.60363636 0.01585054],[0.69454545 0.01585054],[0.78545455 0.01585054],
[0.87636364 0.01585054],[0.96727273 0.01585054],[0.05818182 0.01585054],
[0.22363636 0.02377581],[0.31454545 0.02377581],[0.40545455 0.02377581],
[0.49636364 0.02377581],[0.58727273 0.02377581],[0.67818182 0.02377581],
[0.76909091 0.02377581],[0.86       0.02377581],[0.95090909 0.02377581],
[0.04181818 0.02377581],[0.13272727 0.02377581],[0.29818182 0.03170108],
[0.38909091 0.03170108],[0.48       0.03170108],[0.57090909 0.03170108],
[0.66181818 0.03170108],[0.75272727 0.03170108],[0.84363636 0.03170108],
[0.93454545 0.03170108],[0.02545455 0.03170108],[0.11636364 0.03170108],
[0.20727273 0.03170108],[0.37272727 0.03962635],[0.46363636 0.03962635],
[0.55454545 0.03962635],[0.64545455 0.03962635],[0.73636364 0.03962635],
[0.82727273 0.03962635],[0.91818182 0.03962635],[0.00909091 0.03962635],
[0.1        0.03962635],[0.19090909 0.03962635],[0.28181818 0.03962635],
[0.44727273 0.04755162],[0.53818182 0.04755162],[0.62909091 0.04755162],
[0.72       0.04755162],[0.81090909 0.04755162],[0.90181818 0.04755162],
[-0.00727273  0.04755162],[0.08363636 0.04755162],[0.17454545 0.04755162],
[0.26545455 0.04755162],[0.35636364 0.04755162],[0.52181818 0.0554769 ],
[0.61272727 0.0554769 ],[0.70363636 0.0554769 ],[0.79454545 0.0554769 ],
[0.88545455 0.0554769 ],[0.97636364 0.0554769 ],[0.06727273 0.0554769 ],
[0.15818182 0.0554769 ],[0.24909091 0.0554769 ],[0.34      0.0554769],
[0.43090909 0.0554769 ],[0.59636364 0.06340217],[0.68727273 0.06340217],
[0.77818182 0.06340217],[0.86909091 0.06340217],[0.96       0.06340217],
[0.05090909 0.06340217],[0.14181818 0.06340217],[0.23272727 0.06340217],
[0.32363636 0.06340217],[0.41454545 0.06340217],[0.50545455 0.06340217],
[0.67090909 0.07132744],[0.76181818 0.07132744],[0.85272727 0.07132744],
[0.94363636 0.07132744],[0.03454545 0.07132744],[0.12545455 0.07132744],
[0.21636364 0.07132744],[0.30727273 0.07132744],[0.39818182 0.07132744],
[0.48909091 0.07132744],[0.58       0.07132744],[0.74545455 0.07925271],
[0.83636364 0.07925271],[0.92727273 0.07925271],[0.01818182 0.07925271],
[0.10909091 0.07925271],[0.2        0.07925271],[0.29090909 0.07925271],
[0.38181818 0.07925271],[0.47272727 0.07925271],[0.56363636 0.07925271],
[0.65454545 0.07925271],[0.82       0.08717798],[0.91090909 0.08717798],
[0.00181818 0.08717798],[0.09272727 0.08717798],[0.18363636 0.08717798],
[0.27454545 0.08717798],[0.36545455 0.08717798],[0.45636364 0.08717798],
[0.54727273 0.08717798],[0.63818182 0.08717798],[0.72909091 0.08717798],
[0.89454545 0.09510325],[-0.01454545  0.09510325],[0.07636364 0.09510325],
[0.16727273 0.09510325],[0.25818182 0.09510325],[0.34909091 0.09510325],
[0.44       0.09510325],[0.53090909 0.09510325],[0.62181818 0.09510325],
[0.71272727 0.09510325],[0.80363636 0.09510325],[0.96909091 0.10302852],
[0.06       0.10302852],[0.15090909 0.10302852],[0.24181818 0.10302852],
[0.33272727 0.10302852],[0.42363636 0.10302852],[0.51454545 0.10302852],
[0.60545455 0.10302852],[0.69636364 0.10302852],[0.78727273 0.10302852],
[0.87818182 0.10302852],[0.04363636 0.11095379],[0.13454545 0.11095379],
[0.22545455 0.11095379],[0.31636364 0.11095379],[0.40727273 0.11095379],
[0.49818182 0.11095379],[0.58909091 0.11095379],[0.68       0.11095379],
[0.77090909 0.11095379],[0.86181818 0.11095379],[0.95272727 0.11095379],
[0.11818182 0.11887906],[0.20909091 0.11887906],[0.3        0.11887906],
[0.39090909 0.11887906],[0.48181818 0.11887906],[0.57272727 0.11887906],
[0.66363636 0.11887906],[0.75454545 0.11887906],[0.84545455 0.11887906],
[0.93636364 0.11887906],[0.02727273 0.11887906],[0.19272727 0.12680433],
[0.28363636 0.12680433],[0.37454545 0.12680433],[0.46545455 0.12680433],
[0.55636364 0.12680433],[0.64727273 0.12680433],[0.73818182 0.12680433],
[0.82909091 0.12680433],[0.92       0.12680433],[0.01090909 0.12680433],
[0.10181818 0.12680433],[0.26727273 0.1347296 ],[0.35818182 0.1347296 ],
[0.44909091 0.1347296 ],[0.54      0.1347296],[0.63090909 0.1347296 ],
[0.72181818 0.1347296 ],[0.81272727 0.1347296 ],[0.90363636 0.1347296 ],
[-0.00545455  0.1347296 ],[0.08545455 0.1347296 ],[0.17636364 0.1347296 ],
[0.34181818 0.14265487],[0.43272727 0.14265487],[0.52363636 0.14265487],
[0.61454545 0.14265487],[0.70545455 0.14265487],[0.79636364 0.14265487],
[0.88727273 0.14265487],[-0.02181818  0.14265487],[0.06909091 0.14265487],
[0.16       0.14265487],[0.25090909 0.14265487],[0.41636364 0.15058015],
[0.50727273 0.15058015],[0.59818182 0.15058015],[0.68909091 0.15058015],
[0.78       0.15058015],[0.87090909 0.15058015],[0.96181818 0.15058015],
[0.05272727 0.15058015],[0.14363636 0.15058015],[0.23454545 0.15058015],
[0.32545455 0.15058015],[0.49090909 0.15850542],[0.58181818 0.15850542],
[0.67272727 0.15850542],[0.76363636 0.15850542],[0.85454545 0.15850542],
[0.94545455 0.15850542],[0.03636364 0.15850542],[0.12727273 0.15850542],
[0.21818182 0.15850542],[0.30909091 0.15850542],[0.4        0.15850542],
[0.56545455 0.16643069],[0.65636364 0.16643069],[0.74727273 0.16643069],
[0.83818182 0.16643069],[0.92909091 0.16643069],[0.02       0.16643069],
[0.11090909 0.16643069],[0.20181818 0.16643069],[0.29272727 0.16643069],
[0.38363636 0.16643069],[0.47454545 0.16643069],[0.64       0.17435596],
[0.73090909 0.17435596],[0.82181818 0.17435596],[0.91272727 0.17435596],
[0.00363636 0.17435596],[0.09454545 0.17435596],[0.18545455 0.17435596],
[0.27636364 0.17435596],[0.36727273 0.17435596],[0.45818182 0.17435596],
[0.54909091 0.17435596],[0.71454545 0.18228123],[0.80545455 0.18228123],
[0.89636364 0.18228123],[-0.01272727  0.18228123],[0.07818182 0.18228123],
[0.16909091 0.18228123],[0.26       0.18228123],[0.35090909 0.18228123],
[0.44181818 0.18228123],[0.53272727 0.18228123],[0.62363636 0.18228123],
[0.78909091 0.1902065 ],[0.88      0.1902065],[-0.02909091  0.1902065 ],
[0.06181818 0.1902065 ],[0.15272727 0.1902065 ],[0.24363636 0.1902065 ],
[0.33454545 0.1902065 ],[0.42545455 0.1902065 ],[0.51636364 0.1902065 ],
[0.60727273 0.1902065 ],[0.69818182 0.1902065 ],[0.86363636 0.19813177],
[-0.04545455  0.19813177],[0.04545455 0.19813177],[0.13636364 0.19813177],
[0.22727273 0.19813177],[0.31818182 0.19813177],[0.40909091 0.19813177],
[0.5        0.19813177],[0.59090909 0.19813177],[0.68181818 0.19813177],
[0.77272727 0.19813177],[0.93818182 0.20605704],[0.02909091 0.20605704],
[0.12       0.20605704],[0.21090909 0.20605704],[0.30181818 0.20605704],
[0.39272727 0.20605704],[0.48363636 0.20605704],[0.57454545 0.20605704],
[0.66545455 0.20605704],[0.75636364 0.20605704],[0.84727273 0.20605704],
[0.01272727 0.21398231],[0.10363636 0.21398231],[0.19454545 0.21398231],
[0.28545455 0.21398231],[0.37636364 0.21398231],[0.46727273 0.21398231],
[0.55818182 0.21398231],[0.64909091 0.21398231],[0.74       0.21398231],
[0.83090909 0.21398231],[0.92181818 0.21398231],[0.08727273 0.22190758],
[0.17818182 0.22190758],[0.26909091 0.22190758],[0.36       0.22190758],
[0.45090909 0.22190758],[0.54181818 0.22190758],[0.63272727 0.22190758],
[0.72363636 0.22190758],[0.81454545 0.22190758],[0.90545455 0.22190758],
[-0.00363636  0.22190758],[0.16181818 0.22983285],[0.25272727 0.22983285],
[0.34363636 0.22983285],[0.43454545 0.22983285],[0.52545455 0.22983285],
[0.61636364 0.22983285],[0.70727273 0.22983285],[0.79818182 0.22983285],
[0.88909091 0.22983285],[-0.02        0.22983285],[0.07090909 0.22983285],
[0.23636364 0.23775812],[0.32727273 0.23775812],[0.41818182 0.23775812],
[0.50909091 0.23775812],[0.6        0.23775812],[0.69090909 0.23775812],
[0.78181818 0.23775812],[0.87272727 0.23775812],[-0.03636364  0.23775812],
[0.05454545 0.23775812],[0.14545455 0.23775812],[0.31090909 0.24568339],
[0.40181818 0.24568339],[0.49272727 0.24568339],[0.58363636 0.24568339],
[0.67454545 0.24568339],[0.76545455 0.24568339],[0.85636364 0.24568339],
[-0.05272727  0.24568339],[0.03818182 0.24568339],[0.12909091 0.24568339],
[0.22       0.24568339],[0.38545455 0.25360867],[0.47636364 0.25360867],
[0.56727273 0.25360867],[0.65818182 0.25360867],[0.74909091 0.25360867],
[0.84       0.25360867],[0.93090909 0.25360867],[0.02181818 0.25360867],
[0.11272727 0.25360867],[0.20363636 0.25360867],[0.29454545 0.25360867],
[0.46       0.26153394],[0.55090909 0.26153394],[0.64181818 0.26153394],
[0.73272727 0.26153394],[0.82363636 0.26153394],[0.91454545 0.26153394],
[0.00545455 0.26153394],[0.09636364 0.26153394],[0.18727273 0.26153394],
[0.27818182 0.26153394],[0.36909091 0.26153394],[0.53454545 0.26945921],
[0.62545455 0.26945921],[0.71636364 0.26945921],[0.80727273 0.26945921],
[0.89818182 0.26945921],[-0.01090909  0.26945921],[0.08       0.26945921],
[0.17090909 0.26945921],[0.26181818 0.26945921],[0.35272727 0.26945921],
[0.44363636 0.26945921],[0.60909091 0.27738448],[0.7        0.27738448],
[0.79090909 0.27738448],[0.88181818 0.27738448],[-0.02727273  0.27738448],
[0.06363636 0.27738448],[0.15454545 0.27738448],[0.24545455 0.27738448],
[0.33636364 0.27738448],[0.42727273 0.27738448],[0.51818182 0.27738448],
[0.68363636 0.28530975],[0.77454545 0.28530975],[0.86545455 0.28530975],
[-0.04363636  0.28530975],[0.04727273 0.28530975],[0.13818182 0.28530975],
[0.22909091 0.28530975],[0.32       0.28530975],[0.41090909 0.28530975],
[0.50181818 0.28530975],[0.59272727 0.28530975],[0.75818182 0.29323502],
[0.84909091 0.29323502],[-0.06        0.29323502],[0.03090909 0.29323502],
[0.12181818 0.29323502],[0.21272727 0.29323502],[0.30363636 0.29323502],
[0.39454545 0.29323502],[0.48545455 0.29323502],[0.57636364 0.29323502],
[0.66727273 0.29323502],[0.83272727 0.30116029],[0.92363636 0.30116029],
[0.01454545 0.30116029],[0.10545455 0.30116029],[0.19636364 0.30116029],
[0.28727273 0.30116029],[0.37818182 0.30116029],[0.46909091 0.30116029],
[0.56       0.30116029],[0.65090909 0.30116029],[0.74181818 0.30116029],
[0.90727273 0.30908556],[-0.00181818  0.30908556],[0.08909091 0.30908556],
[0.18       0.30908556],[0.27090909 0.30908556],[0.36181818 0.30908556],
[0.45272727 0.30908556],[0.54363636 0.30908556],[0.63454545 0.30908556],
[0.72545455 0.30908556],[0.81636364 0.30908556],[-0.01818182  0.31701083],
[0.07272727 0.31701083],[0.16363636 0.31701083],[0.25454545 0.31701083],
[0.34545455 0.31701083],[0.43636364 0.31701083],[0.52727273 0.31701083],
[0.61818182 0.31701083],[0.70909091 0.31701083],[0.8        0.31701083],
[0.89090909 0.31701083],[0.05636364 0.3249361 ],[0.14727273 0.3249361 ],
[0.23818182 0.3249361 ],[0.32909091 0.3249361 ],[0.42      0.3249361],
[0.51090909 0.3249361 ],[0.60181818 0.3249361 ],[0.69272727 0.3249361 ],
[0.78363636 0.3249361 ],[0.87454545 0.3249361 ],[-0.03454545  0.3249361 ],
[0.13090909 0.33286137],[0.22181818 0.33286137],[0.31272727 0.33286137],
[0.40363636 0.33286137],[0.49454545 0.33286137],[0.58545455 0.33286137],
[0.67636364 0.33286137],[0.76727273 0.33286137],[0.85818182 0.33286137],
[-0.05090909  0.33286137],[0.04       0.33286137],[0.20545455 0.34078664],
[0.29636364 0.34078664],[0.38727273 0.34078664],[0.47818182 0.34078664],
[0.56909091 0.34078664],[0.66       0.34078664],[0.75090909 0.34078664],
[0.84181818 0.34078664],[-0.06727273  0.34078664],[0.02363636 0.34078664],
[0.11454545 0.34078664],[0.28       0.34871192],[0.37090909 0.34871192],
[0.46181818 0.34871192],[0.55272727 0.34871192],[0.64363636 0.34871192],
[0.73454545 0.34871192],[0.82545455 0.34871192],[0.91636364 0.34871192],
[0.00727273 0.34871192],[0.09818182 0.34871192],[0.18909091 0.34871192],
[0.35454545 0.35663719],[0.44545455 0.35663719],[0.53636364 0.35663719],
[0.62727273 0.35663719],[0.71818182 0.35663719],[0.80909091 0.35663719],
[0.9        0.35663719],[-0.00909091  0.35663719],[0.08181818 0.35663719],
[0.17272727 0.35663719],[0.26363636 0.35663719],[0.42909091 0.36456246],
[0.52       0.36456246],[0.61090909 0.36456246],[0.70181818 0.36456246],
[0.79272727 0.36456246],[0.88363636 0.36456246],[-0.02545455  0.36456246],
[0.06545455 0.36456246],[0.15636364 0.36456246],[0.24727273 0.36456246],
[0.33818182 0.36456246],[0.50363636 0.37248773],[0.59454545 0.37248773],
[0.68545455 0.37248773],[0.77636364 0.37248773],[0.86727273 0.37248773],
[-0.04181818  0.37248773],[0.04909091 0.37248773],[0.14       0.37248773],
[0.23090909 0.37248773],[0.32181818 0.37248773],[0.41272727 0.37248773],
[0.57818182 0.380413  ],[0.66909091 0.380413  ],[0.76     0.380413],
[0.85090909 0.380413  ],[-0.05818182  0.380413  ],[0.03272727 0.380413  ],
[0.12363636 0.380413  ],[0.21454545 0.380413  ],[0.30545455 0.380413  ],
[0.39636364 0.380413  ],[0.48727273 0.380413  ],[0.65272727 0.38833827],
[0.74363636 0.38833827],[0.83454545 0.38833827],[-0.07454545  0.38833827],
[0.01636364 0.38833827],[0.10727273 0.38833827],[0.19818182 0.38833827],
[0.28909091 0.38833827],[0.38       0.38833827],[0.47090909 0.38833827],
[0.56181818 0.38833827],[0.72727273 0.39626354],[0.81818182 0.39626354],
[-0.09090909  0.39626354],[1.29189588e-17 3.96263540e-01],[0.09090909 0.39626354],
[0.18181818 0.39626354],[0.27272727 0.39626354],[0.36363636 0.39626354],
[0.45454545 0.39626354],[0.54545455 0.39626354],[0.63636364 0.39626354],
[0.80181818 0.40418881],[0.89272727 0.40418881],[-0.01636364  0.40418881],
[0.07454545 0.40418881],[0.16545455 0.40418881],[0.25636364 0.40418881],
[0.34727273 0.40418881],[0.43818182 0.40418881],[0.52909091 0.40418881],
[0.62       0.40418881],[0.71090909 0.40418881],[0.87636364 0.41211408],
[-0.03272727  0.41211408],[0.05818182 0.41211408],[0.14909091 0.41211408],
[0.24       0.41211408],[0.33090909 0.41211408],[0.42181818 0.41211408],
[0.51272727 0.41211408],[0.60363636 0.41211408],[0.69454545 0.41211408],
[0.78545455 0.41211408],[-0.04909091  0.42003935],[0.04181818 0.42003935],
[0.13272727 0.42003935],[0.22363636 0.42003935],[0.31454545 0.42003935],
[0.40545455 0.42003935],[0.49636364 0.42003935],[0.58727273 0.42003935],
[0.67818182 0.42003935],[0.76909091 0.42003935],[0.86       0.42003935],
[0.02545455 0.42796462],[0.11636364 0.42796462],[0.20727273 0.42796462],
[0.29818182 0.42796462],[0.38909091 0.42796462],[0.48       0.42796462],
[0.57090909 0.42796462],[0.66181818 0.42796462],[0.75272727 0.42796462],
[0.84363636 0.42796462],[-0.06545455  0.42796462],[0.1        0.43588989],
[0.19090909 0.43588989],[0.28181818 0.43588989],[0.37272727 0.43588989],
[0.46363636 0.43588989],[0.55454545 0.43588989],[0.64545455 0.43588989],
[0.73636364 0.43588989],[0.82727273 0.43588989],[-0.08181818  0.43588989],
[0.00909091 0.43588989],[0.17454545 0.44381517],[0.26545455 0.44381517],
[0.35636364 0.44381517],[0.44727273 0.44381517],[0.53818182 0.44381517],
[0.62909091 0.44381517],[0.72       0.44381517],[0.81090909 0.44381517],
[-0.09818182  0.44381517],[-0.00727273  0.44381517],[0.08363636 0.44381517],
[0.24909091 0.45174044],[0.34       0.45174044],[0.43090909 0.45174044],
[0.52181818 0.45174044],[0.61272727 0.45174044],[0.70363636 0.45174044],
[0.79454545 0.45174044],[0.88545455 0.45174044],[-0.02363636  0.45174044],
[0.06727273 0.45174044],[0.15818182 0.45174044],[0.32363636 0.45966571],
[0.41454545 0.45966571],[0.50545455 0.45966571],[0.59636364 0.45966571],
[0.68727273 0.45966571],[0.77818182 0.45966571],[0.86909091 0.45966571],
[-0.04        0.45966571],[0.05090909 0.45966571],[0.14181818 0.45966571],
[0.23272727 0.45966571],[0.39818182 0.46759098],[0.48909091 0.46759098],
[0.58       0.46759098],[0.67090909 0.46759098],[0.76181818 0.46759098],
[0.85272727 0.46759098],[-0.05636364  0.46759098],[0.03454545 0.46759098],
[0.12545455 0.46759098],[0.21636364 0.46759098],[0.30727273 0.46759098],
[0.47272727 0.47551625],[0.56363636 0.47551625],[0.65454545 0.47551625],
[0.74545455 0.47551625],[0.83636364 0.47551625],[-0.07272727  0.47551625],
[0.01818182 0.47551625],[0.10909091 0.47551625],[0.2        0.47551625],
[0.29090909 0.47551625],[0.38181818 0.47551625],[0.54727273 0.48344152],
[0.63818182 0.48344152],[0.72909091 0.48344152],[0.82       0.48344152],
[-0.08909091  0.48344152],[0.00181818 0.48344152],[0.09272727 0.48344152],
[0.18363636 0.48344152],[0.27454545 0.48344152],[0.36545455 0.48344152],
[0.45636364 0.48344152],[0.62181818 0.49136679],[0.71272727 0.49136679],
[0.80363636 0.49136679],[-0.10545455  0.49136679],[-0.01454545  0.49136679],
[0.07636364 0.49136679],[0.16727273 0.49136679],[0.25818182 0.49136679],
[0.34909091 0.49136679],[0.44       0.49136679],[0.53090909 0.49136679],
[0.69636364 0.49929206],[0.78727273 0.49929206],[0.87818182 0.49929206],
[-0.03090909  0.49929206],[0.06       0.49929206],[0.15090909 0.49929206],
[0.24181818 0.49929206],[0.33272727 0.49929206],[0.42363636 0.49929206],
[0.51454545 0.49929206],[0.60545455 0.49929206],[0.77090909 0.50721733],
[0.86181818 0.50721733],[-0.04727273  0.50721733],[0.04363636 0.50721733],
[0.13454545 0.50721733],[0.22545455 0.50721733],[0.31636364 0.50721733],
[0.40727273 0.50721733],[0.49818182 0.50721733],[0.58909091 0.50721733],
[0.68       0.50721733],[0.84545455 0.5151426 ],[-0.06363636  0.5151426 ],
[0.02727273 0.5151426 ],[0.11818182 0.5151426 ],[0.20909091 0.5151426 ],
[0.3       0.5151426],[0.39090909 0.5151426 ],[0.48181818 0.5151426 ],
[0.57272727 0.5151426 ],[0.66363636 0.5151426 ],[0.75454545 0.5151426 ],
[-0.08        0.52306787],[0.01090909 0.52306787],[0.10181818 0.52306787],
[0.19272727 0.52306787],[0.28363636 0.52306787],[0.37454545 0.52306787],
[0.46545455 0.52306787],[0.55636364 0.52306787],[0.64727273 0.52306787],
[0.73818182 0.52306787],[0.82909091 0.52306787],[-0.00545455  0.53099314],
[0.08545455 0.53099314],[0.17636364 0.53099314],[0.26727273 0.53099314],
[0.35818182 0.53099314],[0.44909091 0.53099314],[0.54       0.53099314],
[0.63090909 0.53099314],[0.72181818 0.53099314],[0.81272727 0.53099314],
[-0.09636364  0.53099314],[0.06909091 0.53891841],[0.16       0.53891841],
[0.25090909 0.53891841],[0.34181818 0.53891841],[0.43272727 0.53891841],
[0.52363636 0.53891841],[0.61454545 0.53891841],[0.70545455 0.53891841],
[0.79636364 0.53891841],[-0.11272727  0.53891841],[-0.02181818  0.53891841],
[0.14363636 0.54684369],[0.23454545 0.54684369],[0.32545455 0.54684369],
[0.41636364 0.54684369],[0.50727273 0.54684369],[0.59818182 0.54684369],
[0.68909091 0.54684369],[0.78       0.54684369],[0.87090909 0.54684369],
[-0.03818182  0.54684369],[0.05272727 0.54684369],[0.21818182 0.55476896],
[0.30909091 0.55476896],[0.4        0.55476896],[0.49090909 0.55476896],
[0.58181818 0.55476896],[0.67272727 0.55476896],[0.76363636 0.55476896],
[0.85454545 0.55476896],[-0.05454545  0.55476896],[0.03636364 0.55476896],
[0.12727273 0.55476896],[0.29272727 0.56269423],[0.38363636 0.56269423],
[0.47454545 0.56269423],[0.56545455 0.56269423],[0.65636364 0.56269423],
[0.74727273 0.56269423],[0.83818182 0.56269423],[-0.07090909  0.56269423],
[0.02       0.56269423],[0.11090909 0.56269423],[0.20181818 0.56269423],
[0.36727273 0.5706195 ],[0.45818182 0.5706195 ],[0.54909091 0.5706195 ],
[0.64      0.5706195],[0.73090909 0.5706195 ],[0.82181818 0.5706195 ],
[-0.08727273  0.5706195 ],[0.00363636 0.5706195 ],[0.09454545 0.5706195 ],
[0.18545455 0.5706195 ],[0.27636364 0.5706195 ],[0.44181818 0.57854477],
[0.53272727 0.57854477],[0.62363636 0.57854477],[0.71454545 0.57854477],
[0.80545455 0.57854477],[-0.10363636  0.57854477],[-0.01272727  0.57854477],
[0.07818182 0.57854477],[0.16909091 0.57854477],[0.26       0.57854477],
[0.35090909 0.57854477],[0.51636364 0.58647004],[0.60727273 0.58647004],
[0.69818182 0.58647004],[0.78909091 0.58647004],[-0.12        0.58647004],
[-0.02909091  0.58647004],[0.06181818 0.58647004],[0.15272727 0.58647004],
[0.24363636 0.58647004],[0.33454545 0.58647004],[0.42545455 0.58647004],
[0.59090909 0.59439531],[0.68181818 0.59439531],[0.77272727 0.59439531],
[-0.13636364  0.59439531],[-0.04545455  0.59439531],[0.04545455 0.59439531],
[0.13636364 0.59439531],[0.22727273 0.59439531],[0.31818182 0.59439531],
[0.40909091 0.59439531],[0.5        0.59439531],[0.66545455 0.60232058],
[0.75636364 0.60232058],[0.84727273 0.60232058],[-0.06181818  0.60232058],
[0.02909091 0.60232058],[0.12       0.60232058],[0.21090909 0.60232058],
[0.30181818 0.60232058],[0.39272727 0.60232058],[0.48363636 0.60232058],
[0.57454545 0.60232058],[0.74       0.61024585],[0.83090909 0.61024585],
[-0.07818182  0.61024585],[0.01272727 0.61024585],[0.10363636 0.61024585],
[0.19454545 0.61024585],[0.28545455 0.61024585],[0.37636364 0.61024585],
[0.46727273 0.61024585],[0.55818182 0.61024585],[0.64909091 0.61024585],
[0.81454545 0.61817112],[-0.09454545  0.61817112],[-0.00363636  0.61817112],
[0.08727273 0.61817112],[0.17818182 0.61817112],[0.26909091 0.61817112],
[0.36       0.61817112],[0.45090909 0.61817112],[0.54181818 0.61817112],
[0.63272727 0.61817112],[0.72363636 0.61817112],[-0.11090909  0.62609639],
[-0.02        0.62609639],[0.07090909 0.62609639],[0.16181818 0.62609639],
[0.25272727 0.62609639],[0.34363636 0.62609639],[0.43454545 0.62609639],
[0.52545455 0.62609639],[0.61636364 0.62609639],[0.70727273 0.62609639],
[0.79818182 0.62609639],[-0.03636364  0.63402166],[0.05454545 0.63402166],
[0.14545455 0.63402166],[0.23636364 0.63402166],[0.32727273 0.63402166],
[0.41818182 0.63402166],[0.50909091 0.63402166],[0.6        0.63402166],
[0.69090909 0.63402166],[0.78181818 0.63402166],[-0.12727273  0.63402166],
[0.03818182 0.64194694],[0.12909091 0.64194694],[0.22       0.64194694],
[0.31090909 0.64194694],[0.40181818 0.64194694],[0.49272727 0.64194694],
[0.58363636 0.64194694],[0.67454545 0.64194694],[0.76545455 0.64194694],
[-0.14363636  0.64194694],[-0.05272727  0.64194694],[0.11272727 0.64987221],
[0.20363636 0.64987221],[0.29454545 0.64987221],[0.38545455 0.64987221],
[0.47636364 0.64987221],[0.56727273 0.64987221],[0.65818182 0.64987221],
[0.74909091 0.64987221],[0.84       0.64987221],[-0.06909091  0.64987221],
[0.02181818 0.64987221],[0.18727273 0.65779748],[0.27818182 0.65779748],
[0.36909091 0.65779748],[0.46       0.65779748],[0.55090909 0.65779748],
[0.64181818 0.65779748],[0.73272727 0.65779748],[0.82363636 0.65779748],
[-0.08545455  0.65779748],[0.00545455 0.65779748],[0.09636364 0.65779748],
[0.26181818 0.66572275],[0.35272727 0.66572275],[0.44363636 0.66572275],
[0.53454545 0.66572275],[0.62545455 0.66572275],[0.71636364 0.66572275],
[0.80727273 0.66572275],[-0.10181818  0.66572275],[-0.01090909  0.66572275],
[0.08       0.66572275],[0.17090909 0.66572275],[0.33636364 0.67364802],
[0.42727273 0.67364802],[0.51818182 0.67364802],[0.60909091 0.67364802],
[0.7        0.67364802],[0.79090909 0.67364802],[-0.11818182  0.67364802],
[-0.02727273  0.67364802],[0.06363636 0.67364802],[0.15454545 0.67364802],
[0.24545455 0.67364802],[0.41090909 0.68157329],[0.50181818 0.68157329],
[0.59272727 0.68157329],[0.68363636 0.68157329],[0.77454545 0.68157329],
[-0.13454545  0.68157329],[-0.04363636  0.68157329],[0.04727273 0.68157329],
[0.13818182 0.68157329],[0.22909091 0.68157329],[0.32       0.68157329],
[0.48545455 0.68949856],[0.57636364 0.68949856],[0.66727273 0.68949856],
[0.75818182 0.68949856],[-0.15090909  0.68949856],[-0.06        0.68949856],
[0.03090909 0.68949856],[0.12181818 0.68949856],[0.21272727 0.68949856],
[0.30363636 0.68949856],[0.39454545 0.68949856],[0.56       0.69742383],
[0.65090909 0.69742383],[0.74181818 0.69742383],[0.83272727 0.69742383],
[-0.07636364  0.69742383],[0.01454545 0.69742383],[0.10545455 0.69742383],
[0.19636364 0.69742383],[0.28727273 0.69742383],[0.37818182 0.69742383],
[0.46909091 0.69742383],[0.63454545 0.7053491 ],[0.72545455 0.7053491 ],
[0.81636364 0.7053491 ],[-0.09272727  0.7053491 ],[-0.00181818  0.7053491 ],
[0.08909091 0.7053491 ],[0.18      0.7053491],[0.27090909 0.7053491 ],
[0.36181818 0.7053491 ],[0.45272727 0.7053491 ],[0.54363636 0.7053491 ],
[0.70909091 0.71327437],[0.8        0.71327437],[-0.10909091  0.71327437],
[-0.01818182  0.71327437],[0.07272727 0.71327437],[0.16363636 0.71327437],
[0.25454545 0.71327437],[0.34545455 0.71327437],[0.43636364 0.71327437],
[0.52727273 0.71327437],[0.61818182 0.71327437],[0.78363636 0.72119964],
[-0.12545455  0.72119964],[-0.03454545  0.72119964],[0.05636364 0.72119964],
[0.14727273 0.72119964],[0.23818182 0.72119964],[0.32909091 0.72119964],
[0.42       0.72119964],[0.51090909 0.72119964],[0.60181818 0.72119964],
[0.69272727 0.72119964],[-0.14181818  0.72912491],[-0.05090909  0.72912491],
[0.04       0.72912491],[0.13090909 0.72912491],[0.22181818 0.72912491],
[0.31272727 0.72912491],[0.40363636 0.72912491],[0.49454545 0.72912491],
[0.58545455 0.72912491],[0.67636364 0.72912491],[0.76727273 0.72912491],
[-0.06727273  0.73705018],[0.02363636 0.73705018],[0.11454545 0.73705018],
[0.20545455 0.73705018],[0.29636364 0.73705018],[0.38727273 0.73705018],
[0.47818182 0.73705018],[0.56909091 0.73705018],[0.66       0.73705018],
[0.75090909 0.73705018],[-0.15818182  0.73705018],[0.00727273 0.74497546],
[0.09818182 0.74497546],[0.18909091 0.74497546],[0.28       0.74497546],
[0.37090909 0.74497546],[0.46181818 0.74497546],[0.55272727 0.74497546],
[0.64363636 0.74497546],[0.73454545 0.74497546],[0.82545455 0.74497546],
[-0.08363636  0.74497546],[0.08181818 0.75290073],[0.17272727 0.75290073],
[0.26363636 0.75290073],[0.35454545 0.75290073],[0.44545455 0.75290073],
[0.53636364 0.75290073],[0.62727273 0.75290073],[0.71818182 0.75290073],
[0.80909091 0.75290073],[-0.1         0.75290073],[-0.00909091  0.75290073],
[0.15636364 0.760826  ],[0.24727273 0.760826  ],[0.33818182 0.760826  ],
[0.42909091 0.760826  ],[0.52     0.760826],[0.61090909 0.760826  ],
[0.70181818 0.760826  ],[0.79272727 0.760826  ],[-0.11636364  0.760826  ],
[-0.02545455  0.760826  ],[0.06545455 0.760826  ],[0.23090909 0.76875127],
[0.32181818 0.76875127],[0.41272727 0.76875127],[0.50363636 0.76875127],
[0.59454545 0.76875127],[0.68545455 0.76875127],[0.77636364 0.76875127],
[-0.13272727  0.76875127],[-0.04181818  0.76875127],[0.04909091 0.76875127],
[0.14       0.76875127],[0.30545455 0.77667654],[0.39636364 0.77667654],
[0.48727273 0.77667654],[0.57818182 0.77667654],[0.66909091 0.77667654],
[0.76       0.77667654],[-0.14909091  0.77667654],[-0.05818182  0.77667654],
[0.03272727 0.77667654],[0.12363636 0.77667654],[0.21454545 0.77667654],
[0.38       0.78460181],[0.47090909 0.78460181],[0.56181818 0.78460181],
[0.65272727 0.78460181],[0.74363636 0.78460181],[-0.16545455  0.78460181],
[-0.07454545  0.78460181],[0.01636364 0.78460181],[0.10727273 0.78460181],
[0.19818182 0.78460181],[0.28909091 0.78460181],[0.45454545 0.79252708],
[0.54545455 0.79252708],[0.63636364 0.79252708],[0.72727273 0.79252708],
[-0.18181818  0.79252708],[-0.09090909  0.79252708],[2.58379177e-17 7.92527081e-01],
[0.09090909 0.79252708],[0.18181818 0.79252708],[0.27272727 0.79252708],
[0.36363636 0.79252708],[0.52909091 0.80045235],[0.62       0.80045235],
[0.71090909 0.80045235],[0.80181818 0.80045235],[-0.10727273  0.80045235],
[-0.01636364  0.80045235],[0.07454545 0.80045235],[0.16545455 0.80045235],
[0.25636364 0.80045235],[0.34727273 0.80045235],[0.43818182 0.80045235],
[0.60363636 0.80837762],[0.69454545 0.80837762],[0.78545455 0.80837762],
[-0.12363636  0.80837762],[-0.03272727  0.80837762],[0.05818182 0.80837762],
[0.14909091 0.80837762],[0.24       0.80837762],[0.33090909 0.80837762],
[0.42181818 0.80837762],[0.51272727 0.80837762],[0.67818182 0.81630289],
[0.76909091 0.81630289],[-0.14        0.81630289],[-0.04909091  0.81630289],
[0.04181818 0.81630289],[0.13272727 0.81630289],[0.22363636 0.81630289],
[0.31454545 0.81630289],[0.40545455 0.81630289],[0.49636364 0.81630289],
[0.58727273 0.81630289],[0.75272727 0.82422816],[-0.15636364  0.82422816],
[-0.06545455  0.82422816],[0.02545455 0.82422816],[0.11636364 0.82422816],
[0.20727273 0.82422816],[0.29818182 0.82422816],[0.38909091 0.82422816],
[0.48       0.82422816],[0.57090909 0.82422816],[0.66181818 0.82422816],
[-0.17272727  0.83215343],[-0.08181818  0.83215343],[0.00909091 0.83215343],
[0.1        0.83215343],[0.19090909 0.83215343],[0.28181818 0.83215343],
[0.37272727 0.83215343],[0.46363636 0.83215343],[0.55454545 0.83215343],
[0.64545455 0.83215343],[0.73636364 0.83215343],[-0.09818182  0.84007871],
[-0.00727273  0.84007871],[0.08363636 0.84007871],[0.17454545 0.84007871],
[0.26545455 0.84007871],[0.35636364 0.84007871],[0.44727273 0.84007871],
[0.53818182 0.84007871],[0.62909091 0.84007871],[0.72       0.84007871],
[-0.18909091  0.84007871],[-0.02363636  0.84800398],[0.06727273 0.84800398],
[0.15818182 0.84800398],[0.24909091 0.84800398],[0.34       0.84800398],
[0.43090909 0.84800398],[0.52181818 0.84800398],[0.61272727 0.84800398],
[0.70363636 0.84800398],[0.79454545 0.84800398],[-0.11454545  0.84800398],
[0.05090909 0.85592925],[0.14181818 0.85592925],[0.23272727 0.85592925],
[0.32363636 0.85592925],[0.41454545 0.85592925],[0.50545455 0.85592925],
[0.59636364 0.85592925],[0.68727273 0.85592925],[0.77818182 0.85592925],
[-0.13090909  0.85592925],[-0.04        0.85592925],[0.12545455 0.86385452],
[0.21636364 0.86385452],[0.30727273 0.86385452],[0.39818182 0.86385452],
[0.48909091 0.86385452],[0.58       0.86385452],[0.67090909 0.86385452],
[0.76181818 0.86385452],[-0.14727273  0.86385452],[-0.05636364  0.86385452],
[0.03454545 0.86385452],[0.2        0.87177979],[0.29090909 0.87177979],
[0.38181818 0.87177979],[0.47272727 0.87177979],[0.56363636 0.87177979],
[0.65454545 0.87177979],[0.74545455 0.87177979],[-0.16363636  0.87177979],
[-0.07272727  0.87177979],[0.01818182 0.87177979],[0.10909091 0.87177979],
[0.27454545 0.87970506],[0.36545455 0.87970506],[0.45636364 0.87970506],
[0.54727273 0.87970506],[0.63818182 0.87970506],[0.72909091 0.87970506],
[-0.18        0.87970506],[-0.08909091  0.87970506],[0.00181818 0.87970506],
[0.09272727 0.87970506],[0.18363636 0.87970506],[0.34909091 0.88763033],
[0.44       0.88763033],[0.53090909 0.88763033],[0.62181818 0.88763033],
[0.71272727 0.88763033],[-0.19636364  0.88763033],[-0.10545455  0.88763033],
[-0.01454545  0.88763033],[0.07636364 0.88763033],[0.16727273 0.88763033],
[0.25818182 0.88763033],[0.42363636 0.8955556 ],[0.51454545 0.8955556 ],
[0.60545455 0.8955556 ],[0.69636364 0.8955556 ],[0.78727273 0.8955556 ],
[-0.12181818  0.8955556 ],[-0.03090909  0.8955556 ],[0.06      0.8955556],
[0.15090909 0.8955556 ],[0.24181818 0.8955556 ],[0.33272727 0.8955556 ],
[0.49818182 0.90348087],[0.58909091 0.90348087],[0.68       0.90348087],
[0.77090909 0.90348087],[-0.13818182  0.90348087],[-0.04727273  0.90348087],
[0.04363636 0.90348087],[0.13454545 0.90348087],[0.22545455 0.90348087],
[0.31636364 0.90348087],[0.40727273 0.90348087],[0.57272727 0.91140614],
[0.66363636 0.91140614],[0.75454545 0.91140614],[-0.15454545  0.91140614],
[-0.06363636  0.91140614],[0.02727273 0.91140614],[0.11818182 0.91140614],
[0.20909091 0.91140614],[0.3        0.91140614],[0.39090909 0.91140614],
[0.48181818 0.91140614],[0.64727273 0.91933141],[0.73818182 0.91933141],
[-0.17090909  0.91933141],[-0.08        0.91933141],[0.01090909 0.91933141],
[0.10181818 0.91933141],[0.19272727 0.91933141],[0.28363636 0.91933141],
[0.37454545 0.91933141],[0.46545455 0.91933141],[0.55636364 0.91933141],
[0.72181818 0.92725668],[-0.18727273  0.92725668],[-0.09636364  0.92725668],
[-0.00545455  0.92725668],[0.08545455 0.92725668],[0.17636364 0.92725668],
[0.26727273 0.92725668],[0.35818182 0.92725668],[0.44909091 0.92725668],
[0.54       0.92725668],[0.63090909 0.92725668],[-0.20363636  0.93518196],
[-0.11272727  0.93518196],[-0.02181818  0.93518196],[0.06909091 0.93518196],
[0.16       0.93518196],[0.25090909 0.93518196],[0.34181818 0.93518196],
[0.43272727 0.93518196],[0.52363636 0.93518196],[0.61454545 0.93518196],
[0.70545455 0.93518196],[-0.12909091  0.94310723],[-0.03818182  0.94310723],
[0.05272727 0.94310723],[0.14363636 0.94310723],[0.23454545 0.94310723],
[0.32545455 0.94310723],[0.41636364 0.94310723],[0.50727273 0.94310723],
[0.59818182 0.94310723],[0.68909091 0.94310723],[0.78       0.94310723],
[-0.05454545  0.9510325 ],[0.03636364 0.9510325 ],[0.12727273 0.9510325 ],
[0.21818182 0.9510325 ],[0.30909091 0.9510325 ],[0.4       0.9510325],
[0.49090909 0.9510325 ],[0.58181818 0.9510325 ],[0.67272727 0.9510325 ],
[0.76363636 0.9510325 ],[-0.14545455  0.9510325 ],[0.02       0.95895777],
[0.11090909 0.95895777],[0.20181818 0.95895777],[0.29272727 0.95895777],
[0.38363636 0.95895777],[0.47454545 0.95895777],[0.56545455 0.95895777],
[0.65636364 0.95895777],[0.74727273 0.95895777],[-0.16181818  0.95895777],
[-0.07090909  0.95895777],[0.09454545 0.96688304],[0.18545455 0.96688304],
[0.27636364 0.96688304],[0.36727273 0.96688304],[0.45818182 0.96688304],
[0.54909091 0.96688304],[0.64       0.96688304],[0.73090909 0.96688304],
[-0.17818182  0.96688304],[-0.08727273  0.96688304],[0.00363636 0.96688304],
[0.16909091 0.97480831],[0.26       0.97480831],[0.35090909 0.97480831],
[0.44181818 0.97480831],[0.53272727 0.97480831],[0.62363636 0.97480831],
[0.71454545 0.97480831],[-0.19454545  0.97480831],[-0.10363636  0.97480831],
[-0.01272727  0.97480831],[0.07818182 0.97480831],[0.24363636 0.98273358],
[0.33454545 0.98273358],[0.42545455 0.98273358],[0.51636364 0.98273358],
[0.60727273 0.98273358],[0.69818182 0.98273358],[-0.21090909  0.98273358],
[-0.12        0.98273358],[-0.02909091  0.98273358],[0.06181818 0.98273358],
[0.15272727 0.98273358],[0.31818182 0.99065885],[0.40909091 0.99065885],
[0.5        0.99065885],[0.59090909 0.99065885],[0.68181818 0.99065885],
[-0.22727273  0.99065885],[-0.13636364  0.99065885],[-0.04545455  0.99065885],
[0.04545455 0.99065885],[0.13636364 0.99065885],[0.22727273 0.99065885],
[0.39272727 0.99858412],[0.48363636 0.99858412],[0.57454545 0.99858412],
[0.66545455 0.99858412],[0.75636364 0.99858412],[-0.15272727  0.99858412],
[-0.06181818  0.99858412],[0.02909091 0.99858412],[0.12       0.99858412],
[0.21090909 0.99858412],[0.30181818 0.99858412],[0.46727273 1.00650939],
[0.55818182 1.00650939],[0.64909091 1.00650939],[0.74       1.00650939],
[-0.16909091  1.00650939],[-0.07818182  1.00650939],[0.01272727 1.00650939],
[0.10363636 1.00650939],[0.19454545 1.00650939],[0.28545455 1.00650939],
[0.37636364 1.00650939],[0.54181818 1.01443466],[0.63272727 1.01443466],
[0.72363636 1.01443466],[-0.18545455  1.01443466],[-0.09454545  1.01443466],
[-0.00363636  1.01443466],[0.08727273 1.01443466],[0.17818182 1.01443466],
[0.26909091 1.01443466],[0.36       1.01443466],[0.45090909 1.01443466],
[0.61636364 1.02235993],[0.70727273 1.02235993],[-0.20181818  1.02235993],
[-0.11090909  1.02235993],[-0.02        1.02235993],[0.07090909 1.02235993],
[0.16181818 1.02235993],[0.25272727 1.02235993],[0.34363636 1.02235993],
[0.43454545 1.02235993],[0.52545455 1.02235993],[0.69090909 1.0302852 ],
[-0.21818182  1.0302852 ],[-0.12727273  1.0302852 ],[-0.03636364  1.0302852 ],
[0.05454545 1.0302852 ],[0.14545455 1.0302852 ],[0.23636364 1.0302852 ],
[0.32727273 1.0302852 ],[0.41818182 1.0302852 ],[0.50909091 1.0302852 ],
[0.6       1.0302852],[-0.23454545  1.03821048],[-0.14363636  1.03821048],
[-0.05272727  1.03821048],[0.03818182 1.03821048],[0.12909091 1.03821048],
[0.22       1.03821048],[0.31090909 1.03821048],[0.40181818 1.03821048],
[0.49272727 1.03821048],[0.58363636 1.03821048],[0.67454545 1.03821048],
[-0.16        1.04613575],[-0.06909091  1.04613575],[0.02181818 1.04613575],
[0.11272727 1.04613575],[0.20363636 1.04613575],[0.29454545 1.04613575],
[0.38545455 1.04613575],[0.47636364 1.04613575],[0.56727273 1.04613575],
[0.65818182 1.04613575],[0.74909091 1.04613575],[-0.08545455  1.05406102],
[0.00545455 1.05406102],[0.09636364 1.05406102],[0.18727273 1.05406102],
[0.27818182 1.05406102],[0.36909091 1.05406102],[0.46       1.05406102],
[0.55090909 1.05406102],[0.64181818 1.05406102],[0.73272727 1.05406102],
[-0.17636364  1.05406102],[-0.01090909  1.06198629],[0.08       1.06198629],
[0.17090909 1.06198629],[0.26181818 1.06198629],[0.35272727 1.06198629],
[0.44363636 1.06198629],[0.53454545 1.06198629],[0.62545455 1.06198629],
[0.71636364 1.06198629],[-0.19272727  1.06198629],[-0.10181818  1.06198629],
[0.06363636 1.06991156],[0.15454545 1.06991156],[0.24545455 1.06991156],
[0.33636364 1.06991156],[0.42727273 1.06991156],[0.51818182 1.06991156],
[0.60909091 1.06991156],[0.7        1.06991156],[-0.20909091  1.06991156],
[-0.11818182  1.06991156],[-0.02727273  1.06991156],[0.13818182 1.07783683],
[0.22909091 1.07783683],[0.32       1.07783683],[0.41090909 1.07783683],
[0.50181818 1.07783683],[0.59272727 1.07783683],[0.68363636 1.07783683],
[-0.22545455  1.07783683],[-0.13454545  1.07783683],[-0.04363636  1.07783683],
[0.04727273 1.07783683],[0.21272727 1.0857621 ],[0.30363636 1.0857621 ],
[0.39454545 1.0857621 ],[0.48545455 1.0857621 ],[0.57636364 1.0857621 ],
[0.66727273 1.0857621 ],[-0.24181818  1.0857621 ],[-0.15090909  1.0857621 ],
[-0.06       1.0857621],[0.03090909 1.0857621 ],[0.12181818 1.0857621 ],
[0.28727273 1.09368737],[0.37818182 1.09368737],[0.46909091 1.09368737],
[0.56       1.09368737],[0.65090909 1.09368737],[0.74181818 1.09368737],
[-0.16727273  1.09368737],[-0.07636364  1.09368737],[0.01454545 1.09368737],
[0.10545455 1.09368737],[0.19636364 1.09368737],[0.36181818 1.10161264],
[0.45272727 1.10161264],[0.54363636 1.10161264],[0.63454545 1.10161264],
[0.72545455 1.10161264],[-0.18363636  1.10161264],[-0.09272727  1.10161264],
[-0.00181818  1.10161264],[0.08909091 1.10161264],[0.18       1.10161264],
[0.27090909 1.10161264],[0.43636364 1.10953791],[0.52727273 1.10953791],
[0.61818182 1.10953791],[0.70909091 1.10953791],[-0.2         1.10953791],
[-0.10909091  1.10953791],[-0.01818182  1.10953791],[0.07272727 1.10953791],
[0.16363636 1.10953791],[0.25454545 1.10953791],[0.34545455 1.10953791],
[0.51090909 1.11746318],[0.60181818 1.11746318],[0.69272727 1.11746318],
[-0.21636364  1.11746318],[-0.12545455  1.11746318],[-0.03454545  1.11746318],
[0.05636364 1.11746318],[0.14727273 1.11746318],[0.23818182 1.11746318],
[0.32909091 1.11746318],[0.42       1.11746318],[0.58545455 1.12538845],
[0.67636364 1.12538845],[-0.23272727  1.12538845],[-0.14181818  1.12538845],
[-0.05090909  1.12538845],[0.04       1.12538845],[0.13090909 1.12538845],
[0.22181818 1.12538845],[0.31272727 1.12538845],[0.40363636 1.12538845],
[0.49454545 1.12538845],[0.66       1.13331373],[-0.24909091  1.13331373],
[-0.15818182  1.13331373],[-0.06727273  1.13331373],[0.02363636 1.13331373],
[0.11454545 1.13331373],[0.20545455 1.13331373],[0.29636364 1.13331373],
[0.38727273 1.13331373],[0.47818182 1.13331373],[0.56909091 1.13331373],
[0.73454545 1.141239  ],[-0.17454545  1.141239  ],[-0.08363636  1.141239  ],
[0.00727273 1.141239  ],[0.09818182 1.141239  ],[0.18909091 1.141239  ],
[0.28     1.141239],[0.37090909 1.141239  ],[0.46181818 1.141239  ],
[0.55272727 1.141239  ],[0.64363636 1.141239  ],[-0.19090909  1.14916427],
[-0.1         1.14916427],[-0.00909091  1.14916427],[0.08181818 1.14916427],
[0.17272727 1.14916427],[0.26363636 1.14916427],[0.35454545 1.14916427],
[0.44545455 1.14916427],[0.53636364 1.14916427],[0.62727273 1.14916427],
[0.71818182 1.14916427],[-0.11636364  1.15708954],[-0.02545455  1.15708954],
[0.06545455 1.15708954],[0.15636364 1.15708954],[0.24727273 1.15708954],
[0.33818182 1.15708954],[0.42909091 1.15708954],[0.52       1.15708954],
[0.61090909 1.15708954],[0.70181818 1.15708954],[-0.20727273  1.15708954],
[-0.04181818  1.16501481],[0.04909091 1.16501481],[0.14       1.16501481],
[0.23090909 1.16501481],[0.32181818 1.16501481],[0.41272727 1.16501481],
[0.50363636 1.16501481],[0.59454545 1.16501481],[0.68545455 1.16501481],
[-0.22363636  1.16501481],[-0.13272727  1.16501481],[0.03272727 1.17294008],
[0.12363636 1.17294008],[0.21454545 1.17294008],[0.30545455 1.17294008],
[0.39636364 1.17294008],[0.48727273 1.17294008],[0.57818182 1.17294008],
[0.66909091 1.17294008],[-0.24        1.17294008],[-0.14909091  1.17294008],
[-0.05818182  1.17294008],[0.10727273 1.18086535],[0.19818182 1.18086535],
[0.28909091 1.18086535],[0.38       1.18086535],[0.47090909 1.18086535],
[0.56181818 1.18086535],[0.65272727 1.18086535],[-0.25636364  1.18086535],
[-0.16545455  1.18086535],[-0.07454545  1.18086535],[0.01636364 1.18086535],
[0.18181818 1.18879062],[0.27272727 1.18879062],[0.36363636 1.18879062],
[0.45454545 1.18879062],[0.54545455 1.18879062],[0.63636364 1.18879062],
[-0.27272727  1.18879062],[-0.18181818  1.18879062],[-0.09090909  1.18879062],
[5.16758353e-17 1.18879062e+00],[0.09090909 1.18879062],[0.25636364 1.19671589],
[0.34727273 1.19671589],[0.43818182 1.19671589],[0.52909091 1.19671589],
[0.62       1.19671589],[0.71090909 1.19671589],[-0.19818182  1.19671589],
[-0.10727273  1.19671589],[-0.01636364  1.19671589],[0.07454545 1.19671589],
[0.16545455 1.19671589],[0.33090909 1.20464116],[0.42181818 1.20464116],
[0.51272727 1.20464116],[0.60363636 1.20464116],[0.69454545 1.20464116],
[-0.21454545  1.20464116],[-0.12363636  1.20464116],[-0.03272727  1.20464116],
[0.05818182 1.20464116],[0.14909091 1.20464116],[0.24       1.20464116],
[0.40545455 1.21256643],[0.49636364 1.21256643],[0.58727273 1.21256643],
[0.67818182 1.21256643],[-0.23090909  1.21256643],[-0.14        1.21256643],
[-0.04909091  1.21256643],[0.04181818 1.21256643],[0.13272727 1.21256643],
[0.22363636 1.21256643],[0.31454545 1.21256643],[0.48      1.2204917],
[0.57090909 1.2204917 ],[0.66181818 1.2204917 ],[-0.24727273  1.2204917 ],
[-0.15636364  1.2204917 ],[-0.06545455  1.2204917 ],[0.02545455 1.2204917 ],
[0.11636364 1.2204917 ],[0.20727273 1.2204917 ],[0.29818182 1.2204917 ],
[0.38909091 1.2204917 ],[0.55454545 1.22841697],[0.64545455 1.22841697],
[-0.26363636  1.22841697],[-0.17272727  1.22841697],[-0.08181818  1.22841697],
[0.00909091 1.22841697],[0.1        1.22841697],[0.19090909 1.22841697],
[0.28181818 1.22841697],[0.37272727 1.22841697],[0.46363636 1.22841697],
[0.62909091 1.23634225],[-0.28        1.23634225],[-0.18909091  1.23634225],
[-0.09818182  1.23634225],[-0.00727273  1.23634225],[0.08363636 1.23634225],
[0.17454545 1.23634225],[0.26545455 1.23634225],[0.35636364 1.23634225],
[0.44727273 1.23634225],[0.53818182 1.23634225],[0.70363636 1.24426752],
[-0.20545455  1.24426752],[-0.11454545  1.24426752],[-0.02363636  1.24426752],
[0.06727273 1.24426752],[0.15818182 1.24426752],[0.24909091 1.24426752],
[0.34       1.24426752],[0.43090909 1.24426752],[0.52181818 1.24426752],
[0.61272727 1.24426752],[-0.22181818  1.25219279],[-0.13090909  1.25219279],
[-0.04        1.25219279],[0.05090909 1.25219279],[0.14181818 1.25219279],
[0.23272727 1.25219279],[0.32363636 1.25219279],[0.41454545 1.25219279],
[0.50545455 1.25219279],[0.59636364 1.25219279],[0.68727273 1.25219279],
[-0.14727273  1.26011806],[-0.05636364  1.26011806],[0.03454545 1.26011806],
[0.12545455 1.26011806],[0.21636364 1.26011806],[0.30727273 1.26011806],
[0.39818182 1.26011806],[0.48909091 1.26011806],[0.58       1.26011806],
[0.67090909 1.26011806],[-0.23818182  1.26011806],[-0.07272727  1.26804333],
[0.01818182 1.26804333],[0.10909091 1.26804333],[0.2        1.26804333],
[0.29090909 1.26804333],[0.38181818 1.26804333],[0.47272727 1.26804333],
[0.56363636 1.26804333],[0.65454545 1.26804333],[-0.25454545  1.26804333],
[-0.16363636  1.26804333],[0.00181818 1.2759686 ],[0.09272727 1.2759686 ],
[0.18363636 1.2759686 ],[0.27454545 1.2759686 ],[0.36545455 1.2759686 ],
[0.45636364 1.2759686 ],[0.54727273 1.2759686 ],[0.63818182 1.2759686 ],
[-0.27090909  1.2759686 ],[-0.18       1.2759686],[-0.08909091  1.2759686 ],
[0.07636364 1.28389387],[0.16727273 1.28389387],[0.25818182 1.28389387],
[0.34909091 1.28389387],[0.44       1.28389387],[0.53090909 1.28389387],
[0.62181818 1.28389387],[-0.28727273  1.28389387],[-0.19636364  1.28389387],
[-0.10545455  1.28389387],[-0.01454545  1.28389387],[0.15090909 1.29181914],
[0.24181818 1.29181914],[0.33272727 1.29181914],[0.42363636 1.29181914],
[0.51454545 1.29181914],[0.60545455 1.29181914],[0.69636364 1.29181914],
[-0.21272727  1.29181914],[-0.12181818  1.29181914],[-0.03090909  1.29181914],
[0.06       1.29181914],[0.22545455 1.29974441],[0.31636364 1.29974441],
[0.40727273 1.29974441],[0.49818182 1.29974441],[0.58909091 1.29974441],
[0.68       1.29974441],[-0.22909091  1.29974441],[-0.13818182  1.29974441],
[-0.04727273  1.29974441],[0.04363636 1.29974441],[0.13454545 1.29974441],
[0.3        1.30766968],[0.39090909 1.30766968],[0.48181818 1.30766968],
[0.57272727 1.30766968],[0.66363636 1.30766968],[-0.24545455  1.30766968],
[-0.15454545  1.30766968],[-0.06363636  1.30766968],[0.02727273 1.30766968],
[0.11818182 1.30766968],[0.20909091 1.30766968],[0.37454545 1.31559495],
[0.46545455 1.31559495],[0.55636364 1.31559495],[0.64727273 1.31559495],
[-0.26181818  1.31559495],[-0.17090909  1.31559495],[-0.08        1.31559495],
[0.01090909 1.31559495],[0.10181818 1.31559495],[0.19272727 1.31559495],
[0.28363636 1.31559495],[0.44909091 1.32352022],[0.54       1.32352022],
[0.63090909 1.32352022],[-0.27818182  1.32352022],[-0.18727273  1.32352022],
[-0.09636364  1.32352022],[-0.00545455  1.32352022],[0.08545455 1.32352022],
[0.17636364 1.32352022],[0.26727273 1.32352022],[0.35818182 1.32352022],
[0.52363636 1.3314455 ],[0.61454545 1.3314455 ],[-0.29454545  1.3314455 ],
[-0.20363636  1.3314455 ],[-0.11272727  1.3314455 ],[-0.02181818  1.3314455 ],
[0.06909091 1.3314455 ],[0.16      1.3314455],[0.25090909 1.3314455 ],
[0.34181818 1.3314455 ],[0.43272727 1.3314455 ],[0.59818182 1.33937077],
[0.68909091 1.33937077],[-0.22        1.33937077],[-0.12909091  1.33937077],
[-0.03818182  1.33937077],[0.05272727 1.33937077],[0.14363636 1.33937077],
[0.23454545 1.33937077],[0.32545455 1.33937077],[0.41636364 1.33937077],
[0.50727273 1.33937077],[0.67272727 1.34729604],[-0.23636364  1.34729604],
[-0.14545455  1.34729604],[-0.05454545  1.34729604],[0.03636364 1.34729604],
[0.12727273 1.34729604],[0.21818182 1.34729604],[0.30909091 1.34729604],
[0.4        1.34729604],[0.49090909 1.34729604],[0.58181818 1.34729604],
[-0.25272727  1.35522131],[-0.16181818  1.35522131],[-0.07090909  1.35522131],
[0.02       1.35522131],[0.11090909 1.35522131],[0.20181818 1.35522131],
[0.29272727 1.35522131],[0.38363636 1.35522131],[0.47454545 1.35522131],
[0.56545455 1.35522131],[0.65636364 1.35522131],[-0.17818182  1.36314658],
[-0.08727273  1.36314658],[0.00363636 1.36314658],[0.09454545 1.36314658],
[0.18545455 1.36314658],[0.27636364 1.36314658],[0.36727273 1.36314658],
[0.45818182 1.36314658],[0.54909091 1.36314658],[0.64       1.36314658],
[-0.26909091  1.36314658],[-0.10363636  1.37107185],[-0.01272727  1.37107185],
[0.07818182 1.37107185],[0.16909091 1.37107185],[0.26       1.37107185],
[0.35090909 1.37107185],[0.44181818 1.37107185],[0.53272727 1.37107185],
[0.62363636 1.37107185],[-0.28545455  1.37107185],[-0.19454545  1.37107185],
[-0.02909091  1.37899712],[0.06181818 1.37899712],[0.15272727 1.37899712],
[0.24363636 1.37899712],[0.33454545 1.37899712],[0.42545455 1.37899712],
[0.51636364 1.37899712],[0.60727273 1.37899712],[-0.30181818  1.37899712],
[-0.21090909  1.37899712],[-0.12        1.37899712],[0.04545455 1.38692239],
[0.13636364 1.38692239],[0.22727273 1.38692239],[0.31818182 1.38692239],
[0.40909091 1.38692239],[0.5        1.38692239],[0.59090909 1.38692239],
[-0.31818182  1.38692239],[-0.22727273  1.38692239],[-0.13636364  1.38692239],
[-0.04545455  1.38692239],[0.12       1.39484766],[0.21090909 1.39484766],
[0.30181818 1.39484766],[0.39272727 1.39484766],[0.48363636 1.39484766],
[0.57454545 1.39484766],[0.66545455 1.39484766],[-0.24363636  1.39484766],
[-0.15272727  1.39484766],[-0.06181818  1.39484766],[0.02909091 1.39484766],
[0.19454545 1.40277293],[0.28545455 1.40277293],[0.37636364 1.40277293],
[0.46727273 1.40277293],[0.55818182 1.40277293],[0.64909091 1.40277293],
[-0.26        1.40277293],[-0.16909091  1.40277293],[-0.07818182  1.40277293],
[0.01272727 1.40277293],[0.10363636 1.40277293],[0.26909091 1.4106982 ],
[0.36      1.4106982],[0.45090909 1.4106982 ],[0.54181818 1.4106982 ],
[0.63272727 1.4106982 ],[-0.27636364  1.4106982 ],[-0.18545455  1.4106982 ],
[-0.09454545  1.4106982 ],[-0.00363636  1.4106982 ],[0.08727273 1.4106982 ],
[0.17818182 1.4106982 ],[0.34363636 1.41862347],[0.43454545 1.41862347],
[0.52545455 1.41862347],[0.61636364 1.41862347],[-0.29272727  1.41862347],
[-0.20181818  1.41862347],[-0.11090909  1.41862347],[-0.02        1.41862347],
[0.07090909 1.41862347],[0.16181818 1.41862347],[0.25272727 1.41862347],
[0.41818182 1.42654875],[0.50909091 1.42654875],[0.6        1.42654875],
[-0.30909091  1.42654875],[-0.21818182  1.42654875],[-0.12727273  1.42654875],
[-0.03636364  1.42654875],[0.05454545 1.42654875],[0.14545455 1.42654875],
[0.23636364 1.42654875],[0.32727273 1.42654875],[0.49272727 1.43447402],
[0.58363636 1.43447402],[-0.32545455  1.43447402],[-0.23454545  1.43447402],
[-0.14363636  1.43447402],[-0.05272727  1.43447402],[0.03818182 1.43447402],
[0.12909091 1.43447402],[0.22       1.43447402],[0.31090909 1.43447402],
[0.40181818 1.43447402],[0.56727273 1.44239929],[0.65818182 1.44239929],
[-0.25090909  1.44239929],[-0.16        1.44239929],[-0.06909091  1.44239929],
[0.02181818 1.44239929],[0.11272727 1.44239929],[0.20363636 1.44239929],
[0.29454545 1.44239929],[0.38545455 1.44239929],[0.47636364 1.44239929],
[0.64181818 1.45032456],[-0.26727273  1.45032456],[-0.17636364  1.45032456],
[-0.08545455  1.45032456],[0.00545455 1.45032456],[0.09636364 1.45032456],
[0.18727273 1.45032456],[0.27818182 1.45032456],[0.36909091 1.45032456],
[0.46       1.45032456],[0.55090909 1.45032456],[-0.28363636  1.45824983],
[-0.19272727  1.45824983],[-0.10181818  1.45824983],[-0.01090909  1.45824983],
[0.08       1.45824983],[0.17090909 1.45824983],[0.26181818 1.45824983],
[0.35272727 1.45824983],[0.44363636 1.45824983],[0.53454545 1.45824983],
[0.62545455 1.45824983],[-0.20909091  1.4661751 ],[-0.11818182  1.4661751 ],
[-0.02727273  1.4661751 ],[0.06363636 1.4661751 ],[0.15454545 1.4661751 ],
[0.24545455 1.4661751 ],[0.33636364 1.4661751 ],[0.42727273 1.4661751 ],
[0.51818182 1.4661751 ],[0.60909091 1.4661751 ],[-0.3        1.4661751],
[-0.13454545  1.47410037],[-0.04363636  1.47410037],[0.04727273 1.47410037],
[0.13818182 1.47410037],[0.22909091 1.47410037],[0.32       1.47410037],
[0.41090909 1.47410037],[0.50181818 1.47410037],[0.59272727 1.47410037],
[-0.31636364  1.47410037],[-0.22545455  1.47410037],[-0.06        1.48202564],
[0.03090909 1.48202564],[0.12181818 1.48202564],[0.21272727 1.48202564],
[0.30363636 1.48202564],[0.39454545 1.48202564],[0.48545455 1.48202564],
[0.57636364 1.48202564],[-0.33272727  1.48202564],[-0.24181818  1.48202564],
[-0.15090909  1.48202564],[0.01454545 1.48995091],[0.10545455 1.48995091],
[0.19636364 1.48995091],[0.28727273 1.48995091],[0.37818182 1.48995091],
[0.46909091 1.48995091],[0.56       1.48995091],[0.65090909 1.48995091],
[-0.25818182  1.48995091],[-0.16727273  1.48995091],[-0.07636364  1.48995091],
[0.08909091 1.49787618],[0.18       1.49787618],[0.27090909 1.49787618],
[0.36181818 1.49787618],[0.45272727 1.49787618],[0.54363636 1.49787618],
[0.63454545 1.49787618],[-0.27454545  1.49787618],[-0.18363636  1.49787618],
[-0.09272727  1.49787618],[-0.00181818  1.49787618],[0.16363636 1.50580145],
[0.25454545 1.50580145],[0.34545455 1.50580145],[0.43636364 1.50580145],
[0.52727273 1.50580145],[0.61818182 1.50580145],[-0.29090909  1.50580145],
[-0.2         1.50580145],[-0.10909091  1.50580145],[-0.01818182  1.50580145],
[0.07272727 1.50580145],[0.23818182 1.51372672],[0.32909091 1.51372672],
[0.42       1.51372672],[0.51090909 1.51372672],[0.60181818 1.51372672],
[-0.30727273  1.51372672],[-0.21636364  1.51372672],[-0.12545455  1.51372672],
[-0.03454545  1.51372672],[0.05636364 1.51372672],[0.14727273 1.51372672],
[0.31272727 1.52165199],[0.40363636 1.52165199],[0.49454545 1.52165199],
[0.58545455 1.52165199],[-0.32363636  1.52165199],[-0.23272727  1.52165199],
[-0.14181818  1.52165199],[-0.05090909  1.52165199],[0.04       1.52165199],
[0.13090909 1.52165199],[0.22181818 1.52165199],[0.38727273 1.52957727],
[0.47818182 1.52957727],[0.56909091 1.52957727],[-0.34        1.52957727],
[-0.24909091  1.52957727],[-0.15818182  1.52957727],[-0.06727273  1.52957727],
[0.02363636 1.52957727],[0.11454545 1.52957727],[0.20545455 1.52957727],
[0.29636364 1.52957727],[0.46181818 1.53750254],[0.55272727 1.53750254],
[0.64363636 1.53750254],[-0.26545455  1.53750254],[-0.17454545  1.53750254],
[-0.08363636  1.53750254],[0.00727273 1.53750254],[0.09818182 1.53750254],
[0.18909091 1.53750254],[0.28       1.53750254],[0.37090909 1.53750254],
[0.53636364 1.54542781],[0.62727273 1.54542781],[-0.28181818  1.54542781],
[-0.19090909  1.54542781],[-0.1         1.54542781],[-0.00909091  1.54542781],
[0.08181818 1.54542781],[0.17272727 1.54542781],[0.26363636 1.54542781],
[0.35454545 1.54542781],[0.44545455 1.54542781],[0.61090909 1.55335308],
[-0.29818182  1.55335308],[-0.20727273  1.55335308],[-0.11636364  1.55335308],
[-0.02545455  1.55335308],[0.06545455 1.55335308],[0.15636364 1.55335308],
[0.24727273 1.55335308],[0.33818182 1.55335308],[0.42909091 1.55335308],
[0.52       1.55335308],[-0.31454545  1.56127835],[-0.22363636  1.56127835],
[-0.13272727  1.56127835],[-0.04181818  1.56127835],[0.04909091 1.56127835],
[0.14       1.56127835],[0.23090909 1.56127835],[0.32181818 1.56127835],
[0.41272727 1.56127835],[0.50363636 1.56127835],[0.59454545 1.56127835],
[-0.24        1.56920362],[-0.14909091  1.56920362],[-0.05818182  1.56920362],
[0.03272727 1.56920362],[0.12363636 1.56920362],[0.21454545 1.56920362],
[0.30545455 1.56920362],[0.39636364 1.56920362],[0.48727273 1.56920362],
[0.57818182 1.56920362],[-0.33090909  1.56920362],[-0.16545455  1.57712889],
[-0.07454545  1.57712889],[0.01636364 1.57712889],[0.10727273 1.57712889],
[0.19818182 1.57712889],[0.28909091 1.57712889],[0.38       1.57712889],
[0.47090909 1.57712889],[0.56181818 1.57712889],[-0.34727273  1.57712889],
[-0.25636364  1.57712889],[-0.09090909  1.58505416],[5.16758353e-17 1.58505416e+00],
[0.09090909 1.58505416],[0.18181818 1.58505416],[0.27272727 1.58505416],
[0.36363636 1.58505416],[0.45454545 1.58505416],[0.54545455 1.58505416],
[-0.36363636  1.58505416],[-0.27272727  1.58505416],[-0.18181818  1.58505416],
[-0.01636364  1.59297943],[0.07454545 1.59297943],[0.16545455 1.59297943],
[0.25636364 1.59297943],[0.34727273 1.59297943],[0.43818182 1.59297943],
[0.52909091 1.59297943],[0.62       1.59297943],[-0.28909091  1.59297943],
[-0.19818182  1.59297943],[-0.10727273  1.59297943],[0.05818182 1.6009047 ],
[0.14909091 1.6009047 ],[0.24      1.6009047],[0.33090909 1.6009047 ],
[0.42181818 1.6009047 ],[0.51272727 1.6009047 ],[0.60363636 1.6009047 ],
[-0.30545455  1.6009047 ],[-0.21454545  1.6009047 ],[-0.12363636  1.6009047 ],
[-0.03272727  1.6009047 ],[0.13272727 1.60882997],[0.22363636 1.60882997],
[0.31454545 1.60882997],[0.40545455 1.60882997],[0.49636364 1.60882997],
[0.58727273 1.60882997],[-0.32181818  1.60882997],[-0.23090909  1.60882997],
[-0.14        1.60882997],[-0.04909091  1.60882997],[0.04181818 1.60882997],
[0.20727273 1.61675524],[0.29818182 1.61675524],[0.38909091 1.61675524],
[0.48       1.61675524],[0.57090909 1.61675524],[-0.33818182  1.61675524],
[-0.24727273  1.61675524],[-0.15636364  1.61675524],[-0.06545455  1.61675524],
[0.02545455 1.61675524],[0.11636364 1.61675524],[0.28181818 1.62468052],
[0.37272727 1.62468052],[0.46363636 1.62468052],[0.55454545 1.62468052],
[-0.35454545  1.62468052],[-0.26363636  1.62468052],[-0.17272727  1.62468052],
[-0.08181818  1.62468052],[0.00909091 1.62468052],[0.1        1.62468052],
[0.19090909 1.62468052],[0.35636364 1.63260579],[0.44727273 1.63260579],
[0.53818182 1.63260579],[-0.37090909  1.63260579],[-0.28        1.63260579],
[-0.18909091  1.63260579],[-0.09818182  1.63260579],[-0.00727273  1.63260579],
[0.08363636 1.63260579],[0.17454545 1.63260579],[0.26545455 1.63260579],
[0.43090909 1.64053106],[0.52181818 1.64053106],[0.61272727 1.64053106],
[-0.29636364  1.64053106],[-0.20545455  1.64053106],[-0.11454545  1.64053106],
[-0.02363636  1.64053106],[0.06727273 1.64053106],[0.15818182 1.64053106],
[0.24909091 1.64053106],[0.34       1.64053106],[0.50545455 1.64845633],
[0.59636364 1.64845633],[-0.31272727  1.64845633],[-0.22181818  1.64845633],
[-0.13090909  1.64845633],[-0.04        1.64845633],[0.05090909 1.64845633],
[0.14181818 1.64845633],[0.23272727 1.64845633],[0.32363636 1.64845633],
[0.41454545 1.64845633],[0.58      1.6563816],[-0.32909091  1.6563816 ],
[-0.23818182  1.6563816 ],[-0.14727273  1.6563816 ],[-0.05636364  1.6563816 ],
[0.03454545 1.6563816 ],[0.12545455 1.6563816 ],[0.21636364 1.6563816 ],
[0.30727273 1.6563816 ],[0.39818182 1.6563816 ],[0.48909091 1.6563816 ],
[-0.34545455  1.66430687],[-0.25454545  1.66430687],[-0.16363636  1.66430687],
[-0.07272727  1.66430687],[0.01818182 1.66430687],[0.10909091 1.66430687],
[0.2        1.66430687],[0.29090909 1.66430687],[0.38181818 1.66430687],
[0.47272727 1.66430687],[0.56363636 1.66430687],[-0.27090909  1.67223214],
[-0.18        1.67223214],[-0.08909091  1.67223214],[0.00181818 1.67223214],
[0.09272727 1.67223214],[0.18363636 1.67223214],[0.27454545 1.67223214],
[0.36545455 1.67223214],[0.45636364 1.67223214],[0.54727273 1.67223214],
[-0.36181818  1.67223214],[-0.19636364  1.68015741],[-0.10545455  1.68015741],
[-0.01454545  1.68015741],[0.07636364 1.68015741],[0.16727273 1.68015741],
[0.25818182 1.68015741],[0.34909091 1.68015741],[0.44       1.68015741],
[0.53090909 1.68015741],[-0.37818182  1.68015741],[-0.28727273  1.68015741],
[-0.12181818  1.68808268],[-0.03090909  1.68808268],[0.06       1.68808268],
[0.15090909 1.68808268],[0.24181818 1.68808268],[0.33272727 1.68808268],
[0.42363636 1.68808268],[0.51454545 1.68808268],[0.60545455 1.68808268],
[-0.30363636  1.68808268],[-0.21272727  1.68808268],[-0.04727273  1.69600795],
[0.04363636 1.69600795],[0.13454545 1.69600795],[0.22545455 1.69600795],
[0.31636364 1.69600795],[0.40727273 1.69600795],[0.49818182 1.69600795],
[0.58909091 1.69600795],[-0.32        1.69600795],[-0.22909091  1.69600795],
[-0.13818182  1.69600795],[0.02727273 1.70393322],[0.11818182 1.70393322],
[0.20909091 1.70393322],[0.3        1.70393322],[0.39090909 1.70393322],
[0.48181818 1.70393322],[0.57272727 1.70393322],[-0.33636364  1.70393322],
[-0.24545455  1.70393322],[-0.15454545  1.70393322],[-0.06363636  1.70393322],
[0.10181818 1.71185849],[0.19272727 1.71185849],[0.28363636 1.71185849],
[0.37454545 1.71185849],[0.46545455 1.71185849],[0.55636364 1.71185849],
[-0.35272727  1.71185849],[-0.26181818  1.71185849],[-0.17090909  1.71185849],
[-0.08        1.71185849],[0.01090909 1.71185849],[0.17636364 1.71978376],
[0.26727273 1.71978376],[0.35818182 1.71978376],[0.44909091 1.71978376],
[0.54       1.71978376],[-0.36909091  1.71978376],[-0.27818182  1.71978376],
[-0.18727273  1.71978376],[-0.09636364  1.71978376],[-0.00545455  1.71978376],
[0.08545455 1.71978376],[0.25090909 1.72770904],[0.34181818 1.72770904],
[0.43272727 1.72770904],[0.52363636 1.72770904],[-0.38545455  1.72770904],
[-0.29454545  1.72770904],[-0.20363636  1.72770904],[-0.11272727  1.72770904],
[-0.02181818  1.72770904],[0.06909091 1.72770904],[0.16       1.72770904],
[0.32545455 1.73563431],[0.41636364 1.73563431],[0.50727273 1.73563431],
[0.59818182 1.73563431],[-0.31090909  1.73563431],[-0.22        1.73563431],
[-0.12909091  1.73563431],[-0.03818182  1.73563431],[0.05272727 1.73563431],
[0.14363636 1.73563431],[0.23454545 1.73563431],[0.4        1.74355958],
[0.49090909 1.74355958],[0.58181818 1.74355958],[-0.32727273  1.74355958],
[-0.23636364  1.74355958],[-0.14545455  1.74355958],[-0.05454545  1.74355958],
[0.03636364 1.74355958],[0.12727273 1.74355958],[0.21818182 1.74355958],
[0.30909091 1.74355958],[0.47454545 1.75148485],[0.56545455 1.75148485],
[-0.34363636  1.75148485],[-0.25272727  1.75148485],[-0.16181818  1.75148485],
[-0.07090909  1.75148485],[0.02       1.75148485],[0.11090909 1.75148485],
[0.20181818 1.75148485],[0.29272727 1.75148485],[0.38363636 1.75148485],
[0.54909091 1.75941012],[-0.36        1.75941012],[-0.26909091  1.75941012],
[-0.17818182  1.75941012],[-0.08727273  1.75941012],[0.00363636 1.75941012],
[0.09454545 1.75941012],[0.18545455 1.75941012],[0.27636364 1.75941012],
[0.36727273 1.75941012],[0.45818182 1.75941012],[-0.37636364  1.76733539],
[-0.28545455  1.76733539],[-0.19454545  1.76733539],[-0.10363636  1.76733539],
[-0.01272727  1.76733539],[0.07818182 1.76733539],[0.16909091 1.76733539],
[0.26       1.76733539],[0.35090909 1.76733539],[0.44181818 1.76733539],
[0.53272727 1.76733539],[-0.30181818  1.77526066],[-0.21090909  1.77526066],
[-0.12        1.77526066],[-0.02909091  1.77526066],[0.06181818 1.77526066],
[0.15272727 1.77526066],[0.24363636 1.77526066],[0.33454545 1.77526066],
[0.42545455 1.77526066],[0.51636364 1.77526066],[-0.39272727  1.77526066],
[-0.22727273  1.78318593],[-0.13636364  1.78318593],[-0.04545455  1.78318593],
[0.04545455 1.78318593],[0.13636364 1.78318593],[0.22727273 1.78318593],
[0.31818182 1.78318593],[0.40909091 1.78318593],[0.5        1.78318593],
[-0.40909091  1.78318593],[-0.31818182  1.78318593],[-0.15272727  1.7911112 ],
[-0.06181818  1.7911112 ],[0.02909091 1.7911112 ],[0.12      1.7911112],
[0.21090909 1.7911112 ],[0.30181818 1.7911112 ],[0.39272727 1.7911112 ],
[0.48363636 1.7911112 ],[0.57454545 1.7911112 ],[-0.33454545  1.7911112 ],
[-0.24363636  1.7911112 ],[-0.07818182  1.79903647],[0.01272727 1.79903647],
[0.10363636 1.79903647],[0.19454545 1.79903647],[0.28545455 1.79903647],
[0.37636364 1.79903647],[0.46727273 1.79903647],[0.55818182 1.79903647],
[-0.35090909  1.79903647],[-0.26        1.79903647],[-0.16909091  1.79903647],
[-0.00363636  1.80696174],[0.08727273 1.80696174],[0.17818182 1.80696174],
[0.26909091 1.80696174],[0.36       1.80696174],[0.45090909 1.80696174],
[0.54181818 1.80696174],[-0.36727273  1.80696174],[-0.27636364  1.80696174],
[-0.18545455  1.80696174],[-0.09454545  1.80696174],[0.07090909 1.81488701],
[0.16181818 1.81488701],[0.25272727 1.81488701],[0.34363636 1.81488701],
[0.43454545 1.81488701],[0.52545455 1.81488701],[-0.38363636  1.81488701],
[-0.29272727  1.81488701],[-0.20181818  1.81488701],[-0.11090909  1.81488701],
[-0.02        1.81488701],[0.14545455 1.82281229],[0.23636364 1.82281229],
[0.32727273 1.82281229],[0.41818182 1.82281229],[0.50909091 1.82281229],
[-0.4         1.82281229],[-0.30909091  1.82281229],[-0.21818182  1.82281229],
[-0.12727273  1.82281229],[-0.03636364  1.82281229],[0.05454545 1.82281229],
[0.22       1.83073756],[0.31090909 1.83073756],[0.40181818 1.83073756],
[0.49272727 1.83073756],[-0.41636364  1.83073756],[-0.32545455  1.83073756],
[-0.23454545  1.83073756],[-0.14363636  1.83073756],[-0.05272727  1.83073756],
[0.03818182 1.83073756],[0.12909091 1.83073756],[0.29454545 1.83866283],
[0.38545455 1.83866283],[0.47636364 1.83866283],[0.56727273 1.83866283],
[-0.34181818  1.83866283],[-0.25090909  1.83866283],[-0.16        1.83866283],
[-0.06909091  1.83866283],[0.02181818 1.83866283],[0.11272727 1.83866283],
[0.20363636 1.83866283],[0.36909091 1.8465881 ],[0.46      1.8465881],
[0.55090909 1.8465881 ],[-0.35818182  1.8465881 ],[-0.26727273  1.8465881 ],
[-0.17636364  1.8465881 ],[-0.08545455  1.8465881 ],[0.00545455 1.8465881 ],
[0.09636364 1.8465881 ],[0.18727273 1.8465881 ],[0.27818182 1.8465881 ],
[0.44363636 1.85451337],[0.53454545 1.85451337],[-0.37454545  1.85451337],
[-0.28363636  1.85451337],[-0.19272727  1.85451337],[-0.10181818  1.85451337],
[-0.01090909  1.85451337],[0.08       1.85451337],[0.17090909 1.85451337],
[0.26181818 1.85451337],[0.35272727 1.85451337],[0.51818182 1.86243864],
[-0.39090909  1.86243864],[-0.3         1.86243864],[-0.20909091  1.86243864],
[-0.11818182  1.86243864],[-0.02727273  1.86243864],[0.06363636 1.86243864],
[0.15454545 1.86243864],[0.24545455 1.86243864],[0.33636364 1.86243864],
[0.42727273 1.86243864],[-0.40727273  1.87036391],[-0.31636364  1.87036391],
[-0.22545455  1.87036391],[-0.13454545  1.87036391],[-0.04363636  1.87036391],
[0.04727273 1.87036391],[0.13818182 1.87036391],[0.22909091 1.87036391],
[0.32       1.87036391],[0.41090909 1.87036391],[0.50181818 1.87036391],
[-0.33272727  1.87828918],[-0.24181818  1.87828918],[-0.15090909  1.87828918],
[-0.06        1.87828918],[0.03090909 1.87828918],[0.12181818 1.87828918],
[0.21272727 1.87828918],[0.30363636 1.87828918],[0.39454545 1.87828918],
[0.48545455 1.87828918],[-0.42363636  1.87828918],[-0.25818182  1.88621445],
[-0.16727273  1.88621445],[-0.07636364  1.88621445],[0.01454545 1.88621445],
[0.10545455 1.88621445],[0.19636364 1.88621445],[0.28727273 1.88621445],
[0.37818182 1.88621445],[0.46909091 1.88621445],[0.56       1.88621445],
[-0.34909091  1.88621445],[-0.18363636  1.89413972],[-0.09272727  1.89413972],
[-1.81818182e-03  1.89413972e+00],[0.08909091 1.89413972],[0.18       1.89413972],
[0.27090909 1.89413972],[0.36181818 1.89413972],[0.45272727 1.89413972],
[0.54363636 1.89413972],[-0.36545455  1.89413972],[-0.27454545  1.89413972],
[-0.10909091  1.90206499],[-0.01818182  1.90206499],[0.07272727 1.90206499],
[0.16363636 1.90206499],[0.25454545 1.90206499],[0.34545455 1.90206499],
[0.43636364 1.90206499],[0.52727273 1.90206499],[-0.38181818  1.90206499],
[-0.29090909  1.90206499],[-0.2         1.90206499],[-0.03454545  1.90999026],
[0.05636364 1.90999026],[0.14727273 1.90999026],[0.23818182 1.90999026],
[0.32909091 1.90999026],[0.42       1.90999026],[0.51090909 1.90999026],
[-0.39818182  1.90999026],[-0.30727273  1.90999026],[-0.21636364  1.90999026],
[-0.12545455  1.90999026],[0.04       1.91791554],[0.13090909 1.91791554],
[0.22181818 1.91791554],[0.31272727 1.91791554],[0.40363636 1.91791554],
[0.49454545 1.91791554],[-0.41454545  1.91791554],[-0.32363636  1.91791554],
[-0.23272727  1.91791554],[-0.14181818  1.91791554],[-0.05090909  1.91791554],
[0.11454545 1.92584081],[0.20545455 1.92584081],[0.29636364 1.92584081],
[0.38727273 1.92584081],[0.47818182 1.92584081],[-0.43090909  1.92584081],
[-0.34        1.92584081],[-0.24909091  1.92584081],[-0.15818182  1.92584081],
[-0.06727273  1.92584081],[0.02363636 1.92584081],[0.18909091 1.93376608],
[0.28       1.93376608],[0.37090909 1.93376608],[0.46181818 1.93376608],
[0.55272727 1.93376608],[-0.35636364  1.93376608],[-0.26545455  1.93376608],
[-0.17454545  1.93376608],[-0.08363636  1.93376608],[0.00727273 1.93376608],
[0.09818182 1.93376608],[0.26363636 1.94169135],[0.35454545 1.94169135],
[0.44545455 1.94169135],[0.53636364 1.94169135],[-0.37272727  1.94169135],
[-0.28181818  1.94169135],[-0.19090909  1.94169135],[-0.1         1.94169135],
[-0.00909091  1.94169135],[0.08181818 1.94169135],[0.17272727 1.94169135],
[0.33818182 1.94961662],[0.42909091 1.94961662],[0.52       1.94961662],
[-0.38909091  1.94961662],[-0.29818182  1.94961662],[-0.20727273  1.94961662],
[-0.11636364  1.94961662],[-0.02545455  1.94961662],[0.06545455 1.94961662],
[0.15636364 1.94961662],[0.24727273 1.94961662],[0.41272727 1.95754189],
[0.50363636 1.95754189],[-0.40545455  1.95754189],[-0.31454545  1.95754189],
[-0.22363636  1.95754189],[-0.13272727  1.95754189],[-0.04181818  1.95754189],
[0.04909091 1.95754189],[0.14       1.95754189],[0.23090909 1.95754189],
[0.32181818 1.95754189],[0.48727273 1.96546716],[-0.42181818  1.96546716],
[-0.33090909  1.96546716],[-0.24        1.96546716],[-0.14909091  1.96546716],
[-0.05818182  1.96546716],[0.03272727 1.96546716],[0.12363636 1.96546716],
[0.21454545 1.96546716],[0.30545455 1.96546716],[0.39636364 1.96546716],
[-0.43818182  1.97339243],[-0.34727273  1.97339243],[-0.25636364  1.97339243],
[-0.16545455  1.97339243],[-0.07454545  1.97339243],[0.01636364 1.97339243],
[0.10727273 1.97339243],[0.19818182 1.97339243],[0.28909091 1.97339243],
[0.38       1.97339243],[0.47090909 1.97339243],[-0.36363636  1.9813177 ],
[-0.27272727  1.9813177 ],[-0.18181818  1.9813177 ],[-0.09090909  1.9813177 ],
[5.16758353e-17 1.98131770e+00],[0.09090909 1.9813177 ],[0.18181818 1.9813177 ],
[0.27272727 1.9813177 ],[0.36363636 1.9813177 ],[0.45454545 1.9813177 ],
[-0.45454545  1.9813177 ],[-0.28909091  1.98924297],[-0.19818182  1.98924297],
[-0.10727273  1.98924297],[-0.01636364  1.98924297],[0.07454545 1.98924297],
[0.16545455 1.98924297],[0.25636364 1.98924297],[0.34727273 1.98924297],
[0.43818182 1.98924297],[0.52909091 1.98924297],[-0.38        1.98924297],
[-0.21454545  1.99716824],[-0.12363636  1.99716824],[-0.03272727  1.99716824],
[0.05818182 1.99716824],[0.14909091 1.99716824],[0.24       1.99716824],
[0.33090909 1.99716824],[0.42181818 1.99716824],[0.51272727 1.99716824],
[-0.39636364  1.99716824],[-0.30545455  1.99716824],[-0.14        2.00509351],
[-0.04909091  2.00509351],[0.04181818 2.00509351],[0.13272727 2.00509351],
[0.22363636 2.00509351],[0.31454545 2.00509351],[0.40545455 2.00509351],
[0.49636364 2.00509351],[-0.41272727  2.00509351],[-0.32181818  2.00509351],
[-0.23090909  2.00509351],[-0.06545455  2.01301878],[0.02545455 2.01301878],
[0.11636364 2.01301878],[0.20727273 2.01301878],[0.29818182 2.01301878],
[0.38909091 2.01301878],[0.48       2.01301878],[-0.42909091  2.01301878],
[-0.33818182  2.01301878],[-0.24727273  2.01301878],[-0.15636364  2.01301878],
[0.00909091 2.02094406],[0.1        2.02094406],[0.19090909 2.02094406],
[0.28181818 2.02094406],[0.37272727 2.02094406],[0.46363636 2.02094406],
[-0.44545455  2.02094406],[-0.35454545  2.02094406],[-0.26363636  2.02094406],
[-0.17272727  2.02094406],[-0.08181818  2.02094406],[0.08363636 2.02886933],
[0.17454545 2.02886933],[0.26545455 2.02886933],[0.35636364 2.02886933],
[0.44727273 2.02886933],[-0.46181818  2.02886933],[-0.37090909  2.02886933],
[-0.28        2.02886933],[-0.18909091  2.02886933],[-0.09818182  2.02886933],
[-0.00727273  2.02886933],[0.15818182 2.0367946 ],[0.24909091 2.0367946 ],
[0.34      2.0367946],[0.43090909 2.0367946 ],[0.52181818 2.0367946 ],
[-0.38727273  2.0367946 ],[-0.29636364  2.0367946 ],[-0.20545455  2.0367946 ],
[-0.11454545  2.0367946 ],[-0.02363636  2.0367946 ],[0.06727273 2.0367946 ],
[0.23272727 2.04471987],[0.32363636 2.04471987],[0.41454545 2.04471987],
[0.50545455 2.04471987],[-0.40363636  2.04471987],[-0.31272727  2.04471987],
[-0.22181818  2.04471987],[-0.13090909  2.04471987],[-0.04        2.04471987],
[0.05090909 2.04471987],[0.14181818 2.04471987],[0.30727273 2.05264514],
[0.39818182 2.05264514],[0.48909091 2.05264514],[-0.42        2.05264514],
[-0.32909091  2.05264514],[-0.23818182  2.05264514],[-0.14727273  2.05264514],
[-0.05636364  2.05264514],[0.03454545 2.05264514],[0.12545455 2.05264514],
[0.21636364 2.05264514],[0.38181818 2.06057041],[0.47272727 2.06057041],
[-0.43636364  2.06057041],[-0.34545455  2.06057041],[-0.25454545  2.06057041],
[-0.16363636  2.06057041],[-0.07272727  2.06057041],[0.01818182 2.06057041],
[0.10909091 2.06057041],[0.2        2.06057041],[0.29090909 2.06057041],
[0.45636364 2.06849568],[-0.45272727  2.06849568],[-0.36181818  2.06849568],
[-0.27090909  2.06849568],[-0.18        2.06849568],[-0.08909091  2.06849568],
[1.81818182e-03 2.06849568e+00],[0.09272727 2.06849568],[0.18363636 2.06849568],
[0.27454545 2.06849568],[0.36545455 2.06849568],[-0.46909091  2.07642095],
[-0.37818182  2.07642095],[-0.28727273  2.07642095],[-0.19636364  2.07642095],
[-0.10545455  2.07642095],[-0.01454545  2.07642095],[0.07636364 2.07642095],
[0.16727273 2.07642095],[0.25818182 2.07642095],[0.34909091 2.07642095],
[0.44       2.07642095],[-0.39454545  2.08434622],[-0.30363636  2.08434622],
[-0.21272727  2.08434622],[-0.12181818  2.08434622],[-0.03090909  2.08434622],
[0.06       2.08434622],[0.15090909 2.08434622],[0.24181818 2.08434622],
[0.33272727 2.08434622],[0.42363636 2.08434622],[0.51454545 2.08434622],
[-0.32        2.09227149],[-0.22909091  2.09227149],[-0.13818182  2.09227149],
[-0.04727273  2.09227149],[0.04363636 2.09227149],[0.13454545 2.09227149],
[0.22545455 2.09227149],[0.31636364 2.09227149],[0.40727273 2.09227149],
[0.49818182 2.09227149],[-0.41090909  2.09227149],[-0.24545455  2.10019676],
[-0.15454545  2.10019676],[-0.06363636  2.10019676],[0.02727273 2.10019676],
[0.11818182 2.10019676],[0.20909091 2.10019676],[0.3        2.10019676],
[0.39090909 2.10019676],[0.48181818 2.10019676],[-0.42727273  2.10019676],
[-0.33636364  2.10019676],[-0.17090909  2.10812203],[-0.08        2.10812203],
[0.01090909 2.10812203],[0.10181818 2.10812203],[0.19272727 2.10812203],
[0.28363636 2.10812203],[0.37454545 2.10812203],[0.46545455 2.10812203],
[-0.44363636  2.10812203],[-0.35272727  2.10812203],[-0.26181818  2.10812203],
[-0.09636364  2.11604731],[-0.00545455  2.11604731],[0.08545455 2.11604731],
[0.17636364 2.11604731],[0.26727273 2.11604731],[0.35818182 2.11604731],
[0.44909091 2.11604731],[-0.46        2.11604731],[-0.36909091  2.11604731],
[-0.27818182  2.11604731],[-0.18727273  2.11604731],[-0.02181818  2.12397258],
[0.06909091 2.12397258],[0.16       2.12397258],[0.25090909 2.12397258],
[0.34181818 2.12397258],[0.43272727 2.12397258],[-0.47636364  2.12397258],
[-0.38545455  2.12397258],[-0.29454545  2.12397258],[-0.20363636  2.12397258],
[-0.11272727  2.12397258],[0.05272727 2.13189785],[0.14363636 2.13189785],
[0.23454545 2.13189785],[0.32545455 2.13189785],[0.41636364 2.13189785],
[0.50727273 2.13189785],[-0.40181818  2.13189785],[-0.31090909  2.13189785],
[-0.22        2.13189785],[-0.12909091  2.13189785],[-0.03818182  2.13189785],
[0.12727273 2.13982312],[0.21818182 2.13982312],[0.30909091 2.13982312],
[0.4        2.13982312],[0.49090909 2.13982312],[-0.41818182  2.13982312],
[-0.32727273  2.13982312],[-0.23636364  2.13982312],[-0.14545455  2.13982312],
[-0.05454545  2.13982312],[0.03636364 2.13982312],[0.20181818 2.14774839],
[0.29272727 2.14774839],[0.38363636 2.14774839],[0.47454545 2.14774839],
[-0.43454545  2.14774839],[-0.34363636  2.14774839],[-0.25272727  2.14774839],
[-0.16181818  2.14774839],[-0.07090909  2.14774839],[0.02       2.14774839],
[0.11090909 2.14774839],[0.27636364 2.15567366],[0.36727273 2.15567366],
[0.45818182 2.15567366],[-0.45090909  2.15567366],[-0.36        2.15567366],
[-0.26909091  2.15567366],[-0.17818182  2.15567366],[-0.08727273  2.15567366],
[0.00363636 2.15567366],[0.09454545 2.15567366],[0.18545455 2.15567366],
[0.35090909 2.16359893],[0.44181818 2.16359893],[-0.46727273  2.16359893],
[-0.37636364  2.16359893],[-0.28545455  2.16359893],[-0.19454545  2.16359893],
[-0.10363636  2.16359893],[-0.01272727  2.16359893],[0.07818182 2.16359893],
[0.16909091 2.16359893],[0.26       2.16359893],[0.42545455 2.1715242 ],
[-0.48363636  2.1715242 ],[-0.39272727  2.1715242 ],[-0.30181818  2.1715242 ],
[-0.21090909  2.1715242 ],[-0.12       2.1715242],[-0.02909091  2.1715242 ],
[0.06181818 2.1715242 ],[0.15272727 2.1715242 ],[0.24363636 2.1715242 ],
[0.33454545 2.1715242 ],
