[0.11538461,0.46632137],[0.34615384,0.82161384],[0.19230769,0.77720228],
[0.57692307,0.02220577],[0.30769230,0.08882311],[0.53846153,0.44411559],
[-0.1538461,0.53293871],[-0.0769230,0.84381962],[0.03846153,0.15544045],
[0.26923076,0.51073293],[0.73076923,0.06661733],[4.55476112,0.57735026],
[0.46153846,0.13323467],[0.69230769,0.48852715],[0.19230769,0.19985201],
[0.42307692,0.55514448],[0.88461538,0.11102889],[-0.0769230,0.26646935],
[0.15384615,0.62176182],[0.61538461,0.17764623],[0.34615384,0.24426357],
[-0.2692307,0.64396760],[0.57692307,0.59955604],[0.07692307,0.31088091],
[0.30769230,0.66617338],[0.76923076,0.22205779],[0.5,0.28867513],
[-0.1923076,0.37749825],[-0.1153846,0.68837916],[-0.3846153,0.75499650],
[0.03846153,0.73279072],[0.0,0.0],[0.23076923,0.35529247],
[0.46153846,0.71058494],[-0.0384615,0.42190981],[0.65384615,0.33308669],
[0.15384615,0.04441155],[0.38461538,0.39970403],[-0.2307692,0.79940806],

