[0. 0.],[-0.00441362  0.0200216 ],[-0.00882724  0.04004321],
[-0.01324086  0.06006481],[-0.01765448  0.08008642],[-0.0220681   0.10010802],
[-0.02648172  0.12012963],[-0.03089533  0.14015123],[-0.03530895  0.16017284],
[-0.03972257  0.18019444],[-0.04413619  0.20021605],[-0.04854981  0.22023765],
[-0.05296343  0.24025925],[-0.05737705  0.26028086],[-0.06179067  0.28030246],
[-0.06620429  0.30032407],[-0.07061791  0.32034567],[-0.07503153  0.34036728],
[-0.07944515  0.36038888],[-0.08385876  0.38041049],[-0.08827238  0.40043209],
[-0.092686   0.4204537],[-0.09709962  0.4404753 ],[-0.10151324  0.4604969 ],
[-0.10592686  0.48051851],[-0.11034048  0.50054011],[-0.1147541   0.52056172],
[-0.11916772  0.54058332],[-0.12358134  0.56060493],[-0.12799496  0.58062653],
[-0.13240858  0.60064814],[-0.13682219  0.62066974],[-0.14123581  0.64069135],
[-0.14564943  0.66071295],[-0.15006305  0.68073455],[-0.15447667  0.70075616],
[-0.15889029  0.72077776],[-0.16330391  0.74079937],[-0.16771753  0.76082097],
[-0.17213115  0.78084258],[-0.17654477  0.80086418],[-0.18095839  0.82088579],
[-0.18537201  0.84090739],[-0.18978562  0.860929  ],[0.30580076 0.0149252 ],
[0.30138714 0.0349468 ],[0.29697352 0.05496841],[0.2925599  0.07499001],
[0.28814628 0.09501161],[0.28373266 0.11503322],[0.27931904 0.13505482],
[0.27490542 0.15507643],[0.2704918  0.17509803],[0.26607818 0.19511964],
[0.26166456 0.21514124],[0.25725095 0.23516285],[0.25283733 0.25518445],
[0.24842371 0.27520606],[0.24401009 0.29522766],[0.23959647 0.31524926],
[0.23518285 0.33527087],[0.23076923 0.35529247],[0.22635561 0.37531408],
[0.22194199 0.39533568],[0.21752837 0.41535729],[0.21311475 0.43537889],
[0.20870113 0.4554005 ],[0.20428752 0.4754221 ],[0.1998739  0.49544371],
[0.19546028 0.51546531],[0.19104666 0.53548691],[0.18663304 0.55550852],
[0.18221942 0.57553012],[0.1778058  0.59555173],[0.17339218 0.61557333],
[0.16897856 0.63559494],[0.16456494 0.65561654],[0.16015132 0.67563815],
[0.1557377  0.69565975],[0.15132409 0.71568136],[0.14691047 0.73570296],
[0.14249685 0.75572456],[0.13808323 0.77574617],[0.13366961 0.79576777],
[0.12925599 0.81578938],[0.12484237 0.83581098],[0.12042875 0.85583259],
[0.61601513 0.00982879],[0.61160151 0.02985039],[0.60718789 0.049872  ],
[0.60277427 0.0698936 ],[0.59836066 0.08991521],[0.59394704 0.10993681],
[0.58953342 0.12995841],[0.5851198  0.14998002],[0.58070618 0.17000162],
[0.57629256 0.19002323],[0.57187894 0.21004483],[0.56746532 0.23006644],
[0.5630517  0.25008804],[0.55863808 0.27010965],[0.55422446 0.29013125],
[0.54981084 0.31015286],[0.54539723 0.33017446],[0.54098361 0.35019606],
[0.53656999 0.37021767],[0.53215637 0.39023927],[0.52774275 0.41026088],
[0.52332913 0.43028248],[0.51891551 0.45030409],[0.51450189 0.47032569],
[0.51008827 0.4903473 ],[0.50567465 0.5103689 ],[0.50126103 0.53039051],
[0.49684741 0.55041211],[0.4924338  0.57043371],[0.48802018 0.59045532],
[0.48360656 0.61047692],[0.47919294 0.63049853],[0.47477932 0.65052013],
[0.4703657  0.67054174],[0.46595208 0.69056334],[0.46153846 0.71058495],
[0.45712484 0.73060655],[0.45271122 0.75062816],[0.4482976  0.77064976],
[0.44388398 0.79067136],[0.43947037 0.81069297],[0.43505675 0.83071457],
[0.43064313 0.85073618],[0.92622951 0.00473238],[0.92181589 0.02475398],
[0.91740227 0.04477559],[0.91298865 0.06479719],[0.90857503 0.0848188 ],
[0.90416141 0.1048404 ],[0.89974779 0.12486201],[0.89533417 0.14488361],
[0.89092055 0.16490522],[0.88650694 0.18492682],[-0.11790668  0.20494842],
[-0.1223203   0.22497003],[-0.12673392  0.24499163],[-0.13114754  0.26501324],
[-0.13556116  0.28503484],[-0.13997478  0.30505645],[-0.1443884   0.32507805],
[-0.14880202  0.34509966],[-0.15321564  0.36512126],[-0.15762926  0.38514287],
[-0.16204288  0.40516447],[-0.16645649  0.42518607],[-0.17087011  0.44520768],
[-0.17528373  0.46522928],[-0.17969735  0.48525089],[-0.18411097  0.50527249],
[-0.18852459  0.5252941 ],[-0.19293821  0.5453157 ],[-0.19735183  0.56533731],
[-0.20176545  0.58535891],[-0.20617907  0.60538052],[-0.21059269  0.62540212],
[-0.21500631  0.64542372],[-0.21941992  0.66544533],[-0.22383354  0.68546693],
[-0.22824716  0.70548854],[-0.23266078  0.72551014],[-0.2370744   0.74553175],
[-0.24148802  0.76555335],[-0.24590164  0.78557496],[-0.25031526  0.80559656],
[-0.25472888  0.82561817],[-0.2591425   0.84563977],[-0.26355612  0.86566137],
[0.23203026 0.01965758],[0.22761665 0.03967918],[0.22320303 0.05970078],
[0.21878941 0.07972239],[0.21437579 0.09974399],[0.20996217 0.1197656 ],
[0.20554855 0.1397872 ],[0.20113493 0.15980881],[0.19672131 0.17983041],
[0.19230769 0.19985202],[0.18789407 0.21987362],[0.18348045 0.23989523],
[0.17906683 0.25991683],[0.17465322 0.27993843],[0.1702396  0.29996004],
[0.16582598 0.31998164],[0.16141236 0.34000325],[0.15699874 0.36002485],
[0.15258512 0.38004646],[0.1481715  0.40006806],[0.14375788 0.42008967],
[0.13934426 0.44011127],[0.13493064 0.46013288],[0.13051702 0.48015448],
[0.1261034  0.50017608],[0.12168979 0.52019769],[0.11727617 0.54021929],
[0.11286255 0.5602409 ],[0.10844893 0.5802625 ],[0.10403531 0.60028411],
[0.09962169 0.62030571],[0.09520807 0.64032732],[0.09079445 0.66034892],
[0.08638083 0.68037053],[0.08196721 0.70039213],[0.07755359 0.72041373],
[0.07313997 0.74043534],[0.06872636 0.76045694],[0.06431274 0.78047855],
[0.05989912 0.80050015],[0.0554855  0.82052176],[0.05107188 0.84054336],
[0.04665826 0.86056497],[0.54224464 0.01456117],[0.53783102 0.03458277],
[0.5334174  0.05460438],[0.52900378 0.07462598],[0.52459016 0.09464759],
[0.52017654 0.11466919],[0.51576293 0.13469079],[0.51134931 0.1547124 ],
[0.50693569 0.174734  ],[0.50252207 0.19475561],[0.49810845 0.21477721],
[0.49369483 0.23479882],[0.48928121 0.25482042],[0.48486759 0.27484203],
[0.48045397 0.29486363],[0.47604035 0.31488524],[0.47162673 0.33490684],
[0.46721311 0.35492844],[0.4627995  0.37495005],[0.45838588 0.39497165],
[0.45397226 0.41499326],[0.44955864 0.43501486],[0.44514502 0.45503647],
[0.4407314  0.47505807],[0.43631778 0.49507968],[0.43190416 0.51510128],
[0.42749054 0.53512289],[0.42307692 0.55514449],[0.4186633  0.57516609],
[0.41424968 0.5951877 ],[0.40983607 0.6152093 ],[0.40542245 0.63523091],
[0.40100883 0.65525251],[0.39659521 0.67527412],[0.39218159 0.69529572],
[0.38776797 0.71531733],[0.38335435 0.73533893],[0.37894073 0.75536054],
[0.37452711 0.77538214],[0.37011349 0.79540374],[0.36569987 0.81542535],
[0.36128625 0.83544695],[0.35687264 0.85546856],[0.85245902 0.00946476],
[0.8480454  0.02948636],[0.84363178 0.04950797],[0.83921816 0.06952957],
[0.83480454 0.08955118],[0.83039092 0.10957278],[0.8259773  0.12959439],
[0.82156368 0.14961599],[0.81715006 0.16963759],[0.81273644 0.1896592 ],
[0.80832282 0.2096808 ],[0.80390921 0.22970241],[0.79949559 0.24972401],
[0.79508197 0.26974562],[0.79066835 0.28976722],[0.78625473 0.30978883],
[0.78184111 0.32981043],[0.77742749 0.34983204],[0.77301387 0.36985364],
[0.76860025 0.38987524],[-0.23581337  0.40989685],[-0.24022699  0.42991845],
[-0.24464061  0.44994006],[-0.24905422  0.46996166],[-0.25346784  0.48998327],
[-0.25788146  0.51000487],[-0.26229508  0.53002648],[-0.2667087   0.55004808],
[-0.27112232  0.57006969],[-0.27553594  0.59009129],[-0.27994956  0.61011289],
[-0.28436318  0.6301345 ],[-0.2887768  0.6501561],[-0.29319042  0.67017771],
[-0.29760404  0.69019931],[-0.30201765  0.71022092],[-0.30643127  0.73024252],
[-0.31084489  0.75026413],[-0.31525851  0.77028573],[-0.31967213  0.79030734],
[-0.32408575  0.81032894],[-0.32849937  0.83035054],[-0.33291299  0.85037215],
[0.16267339 0.00436835],[0.15825977 0.02438995],[0.15384615 0.04441156],
[0.14943253 0.06443316],[0.14501892 0.08445477],[0.1406053  0.10447637],
[0.13619168 0.12449798],[0.13177806 0.14451958],[0.12736444 0.16454119],
[0.12295082 0.18456279],[0.1185372 0.2045844],[0.11412358 0.224606  ],
[0.10970996 0.2446276 ],[0.10529634 0.26464921],[0.10088272 0.28467081],
[0.0964691  0.30469242],[0.09205549 0.32471402],[0.08764187 0.34473563],
[0.08322825 0.36475723],[0.07881463 0.38477884],[0.07440101 0.40480044],
[0.06998739 0.42482205],[0.06557377 0.44484365],[0.06116015 0.46486525],
[0.05674653 0.48488686],[0.05233291 0.50490846],[0.04791929 0.52493007],
[0.04350567 0.54495167],[0.03909206 0.56497328],[0.03467844 0.58499488],
[0.03026482 0.60501649],[0.0258512  0.62503809],[0.02143758 0.6450597 ],
[0.01702396 0.6650813 ],[0.01261034 0.6851029 ],[0.00819672 0.70512451],
[0.0037831  0.72514611],[-6.30517024e-04  7.45167718e-01],[-0.00504414  0.76518932],
[-0.00945776  0.78521093],[-0.01387137  0.80523253],[-0.01828499  0.82525414],
[-0.02269861  0.84527574],[-0.02711223  0.86529735],[0.46847415 0.01929355],
[0.46406053 0.03931515],[0.45964691 0.05933676],[0.45523329 0.07935836],
[0.45081967 0.09937996],[0.44640605 0.11940157],[0.44199243 0.13942317],
[0.43757881 0.15944478],[0.4331652  0.17946638],[0.42875158 0.19948799],
[0.42433796 0.21950959],[0.41992434 0.2395312 ],[0.41551072 0.2595528 ],
[0.4110971  0.27957441],[0.40668348 0.29959601],[0.40226986 0.31961761],
[0.39785624 0.33963922],[0.39344262 0.35966082],[0.389029   0.37968243],
[0.38461538 0.39970403],[0.38020177 0.41972564],[0.37578815 0.43974724],
[0.37137453 0.45976885],[0.36696091 0.47979045],[0.36254729 0.49981206],
[0.35813367 0.51983366],[0.35372005 0.53985526],[0.34930643 0.55987687],
[0.34489281 0.57989847],[0.34047919 0.59992008],[0.33606557 0.61994168],
[0.33165195 0.63996329],[0.32723834 0.65998489],[0.32282472 0.6800065 ],
[0.3184111 0.7000281],[0.31399748 0.72004971],[0.30958386 0.74007131],
[0.30517024 0.76009291],[0.30075662 0.78011452],[0.296343   0.80013612],
[0.29192938 0.82015773],[0.28751576 0.84017933],[0.28310214 0.86020094],
[0.77868852 0.01419714],[0.77427491 0.03421874],[0.76986129 0.05424035],
[0.76544767 0.07426195],[0.76103405 0.09428356],[0.75662043 0.11430516],
[0.75220681 0.13432677],[0.74779319 0.15434837],[0.74337957 0.17436997],
[0.73896595 0.19439158],[0.73455233 0.21441318],[0.73013871 0.23443479],
[0.72572509 0.25445639],[0.72131148 0.274478  ],[0.71689786 0.2944996 ],
[0.71248424 0.31452121],[0.70807062 0.33454281],[0.703657   0.35456442],
[0.69924338 0.37458602],[0.69482976 0.39460762],[0.69041614 0.41462923],
[0.68600252 0.43465083],[0.6815889  0.45467244],[0.67717528 0.47469404],
[0.67276166 0.49471565],[0.66834805 0.51473725],[0.66393443 0.53475886],
[0.65952081 0.55478046],[0.65510719 0.57480206],[0.65069357 0.59482367],
[-0.35372005  0.61484527],[-0.35813367  0.63486688],[-0.36254729  0.65488848],
[-0.36696091  0.67491009],[-0.37137453  0.69493169],[-0.37578815  0.7149533 ],
[-0.38020177  0.7349749 ],[-0.38461538  0.75499651],[-0.389029    0.77501811],
[-0.39344262  0.79503971],[-0.39785624  0.81506132],[-0.40226986  0.83508292],
[-0.40668348  0.85510453],[0.0889029  0.00910073],[0.08448928 0.02912233],
[0.08007566 0.04914394],[0.07566204 0.06916554],[0.07124842 0.08918715],
[0.0668348  0.10920875],[0.06242119 0.12923036],[0.05800757 0.14925196],
[0.05359395 0.16927357],[0.04918033 0.18929517],[0.04476671 0.20931677],
[0.04035309 0.22933838],[0.03593947 0.24935998],[0.03152585 0.26938159],
[0.02711223 0.28940319],[0.02269861 0.3094248 ],[0.01828499 0.3294464 ],
[0.01387137 0.34946801],[0.00945776 0.36948961],[0.00504414 0.38951122],
[0.00063052 0.40953282],[-0.0037831   0.42955442],[-0.00819672  0.44957603],
[-0.01261034  0.46959763],[-0.01702396  0.48961924],[-0.02143758  0.50964084],
[-0.0258512   0.52966245],[-0.03026482  0.54968405],[-0.03467844  0.56970566],
[-0.03909206  0.58972726],[-0.04350567  0.60974887],[-0.04791929  0.62977047],
[-0.05233291  0.64979207],[-0.05674653  0.66981368],[-0.06116015  0.68983528],
[-0.06557377  0.70985689],[-0.06998739  0.72987849],[-0.07440101  0.7499001 ],
[-0.07881463  0.7699217 ],[-0.08322825  0.78994331],[-0.08764187  0.80996491],
[-0.09205549  0.82998652],[-0.0964691   0.85000812],[0.39911728 0.00400432],
[0.39470366 0.02402593],[0.39029004 0.04404753],[0.38587642 0.06406913],
[0.3814628  0.08409074],[0.37704918 0.10411234],[0.37263556 0.12413395],
[0.36822194 0.14415555],[0.36380832 0.16417716],[0.3593947  0.18419876],
[0.35498108 0.20422037],[0.35056747 0.22424197],[0.34615385 0.24426358],
[0.34174023 0.26428518],[0.33732661 0.28430678],[0.33291299 0.30432839],
[0.32849937 0.32434999],[0.32408575 0.3443716 ],[0.31967213 0.3643932 ],
[0.31525851 0.38441481],[0.31084489 0.40443641],[0.30643127 0.42445802],
[0.30201765 0.44447962],[0.29760404 0.46450123],[0.29319042 0.48452283],
[0.2887768  0.50454443],[0.28436318 0.52456604],[0.27994956 0.54458764],
[0.27553594 0.56460925],[0.27112232 0.58463085],[0.2667087  0.60465246],
[0.26229508 0.62467406],[0.25788146 0.64469567],[0.25346784 0.66471727],
[0.24905422 0.68473888],[0.24464061 0.70476048],[0.24022699 0.72478208],
[0.23581337 0.74480369],[0.23139975 0.76482529],[0.22698613 0.7848469 ],
[0.22257251 0.8048685 ],[0.21815889 0.82489011],[0.21374527 0.84491171],
[0.20933165 0.86493332],[0.70491803 0.01892952],[0.70050441 0.03895112],
[0.69609079 0.05897273],[0.69167718 0.07899433],[0.68726356 0.09901594],
[0.68284994 0.11903754],[0.67843632 0.13905914],[0.6740227  0.15908075],
[0.66960908 0.17910235],[0.66519546 0.19912396],[0.66078184 0.21914556],
[0.65636822 0.23916717],[0.6519546  0.25918877],[0.64754098 0.27921038],
[0.64312736 0.29923198],[0.63871375 0.31925359],[0.63430013 0.33927519],
[0.62988651 0.35929679],[0.62547289 0.3793184 ],[0.62105927 0.39934   ],
[0.61664565 0.41936161],[0.61223203 0.43938321],[0.60781841 0.45940482],
[0.60340479 0.47942642],[0.59899117 0.49944803],[0.59457755 0.51946963],
[0.59016393 0.53949124],[0.58575032 0.55951284],[0.5813367  0.57953444],
[0.57692308 0.59955605],[0.57250946 0.61957765],[0.56809584 0.63959926],
[0.56368222 0.65962086],[0.5592686  0.67964247],[0.55485498 0.69966407],
[0.55044136 0.71968568],[0.54602774 0.73970728],[0.54161412 0.75972889],
[0.5372005  0.77975049],[0.53278689 0.79977209],[-0.47162673  0.8197937 ],
[-0.47604035  0.8398153 ],[-0.48045397  0.85983691],[0.01513241 0.01383311],
[0.01071879 0.03385471],[0.00630517 0.05387632],[0.00189155 0.07389792],
[-0.00252207  0.09391953],[-0.00693569  0.11394113],[-0.01134931  0.13396274],
[-0.01576293  0.15398434],[-0.02017654  0.17400594],[-0.02459016  0.19402755],
[-0.02900378  0.21404915],[-0.0334174   0.23407076],[-0.03783102  0.25409236],
[-0.04224464  0.27411397],[-0.04665826  0.29413557],[-0.05107188  0.31415718],
[-0.0554855   0.33417878],[-0.05989912  0.35420039],[-0.06431274  0.37422199],
[-0.06872636  0.39424359],[-0.07313997  0.4142652 ],[-0.07755359  0.4342868 ],
[-0.08196721  0.45430841],[-0.08638083  0.47433001],[-0.09079445  0.49435162],
[-0.09520807  0.51437322],[-0.09962169  0.53439483],[-0.10403531  0.55441643],
[-0.10844893  0.57443804],[-0.11286255  0.59445964],[-0.11727617  0.61448124],
[-0.12168979  0.63450285],[-0.1261034   0.65452445],[-0.13051702  0.67454606],
[-0.13493064  0.69456766],[-0.13934426  0.71458927],[-0.14375788  0.73461087],
[-0.1481715   0.75463248],[-0.15258512  0.77465408],[-0.15699874  0.79467569],
[-0.16141236  0.81469729],[-0.16582598  0.83471889],[-0.1702396  0.8547405],
[0.32534678 0.0087367 ],[0.32093317 0.0287583 ],[0.31651955 0.04877991],
[0.31210593 0.06880151],[0.30769231 0.08882312],[0.30327869 0.10884472],
[0.29886507 0.12886633],[0.29445145 0.14888793],[0.29003783 0.16890954],
[0.28562421 0.18893114],[0.28121059 0.20895275],[0.27679697 0.22897435],
[0.27238335 0.24899595],[0.26796974 0.26901756],[0.26355612 0.28903916],
[0.2591425  0.30906077],[0.25472888 0.32908237],[0.25031526 0.34910398],
[0.24590164 0.36912558],[0.24148802 0.38914719],[0.2370744  0.40916879],
[0.23266078 0.4291904 ],[0.22824716 0.449212  ],[0.22383354 0.4692336 ],
[0.21941992 0.48925521],[0.21500631 0.50927681],[0.21059269 0.52929842],
[0.20617907 0.54932002],[0.20176545 0.56934163],[0.19735183 0.58936323],
[0.19293821 0.60938484],[0.18852459 0.62940644],[0.18411097 0.64942805],
[0.17969735 0.66944965],[0.17528373 0.68947125],[0.17087011 0.70949286],
[0.16645649 0.72951446],[0.16204288 0.74953607],[0.15762926 0.76955767],
[0.15321564 0.78957928],[0.14880202 0.80960088],[0.1443884  0.82962249],
[0.13997478 0.84964409],[0.63556116 0.00364029],[0.63114754 0.0236619 ],
[0.62673392 0.0436835 ],[0.6223203  0.06370511],[0.61790668 0.08372671],
[0.61349306 0.10374831],[0.60907945 0.12376992],[0.60466583 0.14379152],
[0.60025221 0.16381313],[0.59583859 0.18383473],[0.59142497 0.20385634],
[0.58701135 0.22387794],[0.58259773 0.24389955],[0.57818411 0.26392115],
[0.57377049 0.28394276],[0.56935687 0.30396436],[0.56494325 0.32398596],
[0.56052963 0.34400757],[0.55611602 0.36402917],[0.5517024  0.38405078],
[0.54728878 0.40407238],[0.54287516 0.42409399],[0.53846154 0.44411559],
[0.53404792 0.4641372 ],[0.5296343 0.4841588],[0.52522068 0.50418041],
[0.52080706 0.52420201],[0.51639344 0.54422361],[0.51197982 0.56424522],
[0.5075662  0.58426682],[0.50315259 0.60428843],[0.49873897 0.62431003],
[0.49432535 0.64433164],[0.48991173 0.66435324],[0.48549811 0.68437485],
[0.48108449 0.70439645],[0.47667087 0.72441806],[0.47225725 0.74443966],
[0.46784363 0.76446126],[0.46343001 0.78448287],[0.45901639 0.80450447],
[0.45460277 0.82452608],[0.45018916 0.84454768],[0.44577554 0.86456929],
[0.94136192 0.01856549],[0.9369483  0.03858709],[0.93253468 0.0586087 ],
[0.92812106 0.0786303 ],[0.92370744 0.09865191],[0.91929382 0.11867351],
[0.9148802  0.13869512],[-0.08953342  0.15871672],[-0.09394704  0.17873832],
[-0.09836066  0.19875993],[-0.10277427  0.21878153],[-0.10718789  0.23880314],
[-0.11160151  0.25882474],[-0.11601513  0.27884635],[-0.12042875  0.29886795],
[-0.12484237  0.31888956],[-0.12925599  0.33891116],[-0.13366961  0.35893277],
[-0.13808323  0.37895437],[-0.14249685  0.39897597],[-0.14691047  0.41899758],
[-0.15132409  0.43901918],[-0.1557377   0.45904079],[-0.16015132  0.47906239],
[-0.16456494  0.499084  ],[-0.16897856  0.5191056 ],[-0.17339218  0.53912721],
[-0.1778058   0.55914881],[-0.18221942  0.57917042],[-0.18663304  0.59919202],
[-0.19104666  0.61921362],[-0.19546028  0.63923523],[-0.1998739   0.65925683],
[-0.20428752  0.67927844],[-0.20870113  0.69930004],[-0.21311475  0.71932165],
[-0.21752837  0.73934325],[-0.22194199  0.75936486],[-0.22635561  0.77938646],
[-0.23076923  0.79940807],[-0.23518285  0.81942967],[-0.23959647  0.83945127],
[-0.24401009  0.85947288],[0.25157629 0.01346908],[0.24716267 0.03349068],
[0.24274905 0.05351229],[0.23833544 0.07353389],[0.23392182 0.0935555 ],
[0.2295082 0.1135771],[0.22509458 0.13359871],[0.22068096 0.15362031],
[0.21626734 0.17364192],[0.21185372 0.19366352],[0.2074401  0.21368512],
[0.20302648 0.23370673],[0.19861286 0.25372833],[0.19419924 0.27374994],
[0.18978562 0.29377154],[0.18537201 0.31379315],[0.18095839 0.33381475],
[0.17654477 0.35383636],[0.17213115 0.37385796],[0.16771753 0.39387957],
[0.16330391 0.41390117],[0.15889029 0.43392277],[0.15447667 0.45394438],
[0.15006305 0.47396598],[0.14564943 0.49398759],[0.14123581 0.51400919],
[0.13682219 0.5340308 ],[0.13240858 0.5540524 ],[0.12799496 0.57407401],
[0.12358134 0.59409561],[0.11916772 0.61411722],[0.1147541  0.63413882],
[0.11034048 0.65416042],[0.10592686 0.67418203],[0.10151324 0.69420363],
[0.09709962 0.71422524],[0.092686   0.73424684],[0.08827238 0.75426845],
[0.08385876 0.77429005],[0.07944515 0.79431166],[0.07503153 0.81433326],
[0.07061791 0.83435487],[0.06620429 0.85437647],[0.56179067 0.00837267],
[0.55737705 0.02839428],[0.55296343 0.04841588],[0.54854981 0.06843748],
[0.54413619 0.08845909],[0.53972257 0.10848069],[0.53530895 0.1285023 ],
[0.53089533 0.1485239 ],[0.52648172 0.16854551],[0.5220681  0.18856711],
[0.51765448 0.20858872],[0.51324086 0.22861032],[0.50882724 0.24863193],
[0.50441362 0.26865353],[0.5        0.28867513],[0.49558638 0.30869674],
[0.49117276 0.32871834],[0.48675914 0.34873995],[0.48234552 0.36876155],
[0.4779319  0.38878316],[0.47351828 0.40880476],[0.46910467 0.42882637],
[0.46469105 0.44884797],[0.46027743 0.46886958],[0.45586381 0.48889118],
[0.45145019 0.50891278],[0.44703657 0.52893439],[0.44262295 0.54895599],
[0.43820933 0.5689776 ],[0.43379571 0.5889992 ],[0.42938209 0.60902081],
[0.42496847 0.62904241],[0.42055485 0.64906402],[0.41614124 0.66908562],
[0.41172762 0.68910723],[0.407314   0.70912883],[0.40290038 0.72915043],
[0.39848676 0.74917204],[0.39407314 0.76919364],[0.38965952 0.78921525],
[0.3852459  0.80923685],[0.38083228 0.82925846],[0.37641866 0.84928006],
[0.87200504 0.00327626],[0.86759142 0.02329787],[0.86317781 0.04331947],
[0.85876419 0.06334108],[0.85435057 0.08336268],[0.84993695 0.10338429],
[0.84552333 0.12340589],[0.84110971 0.14342749],[0.83669609 0.1634491 ],
[0.83228247 0.1834707 ],[0.82786885 0.20349231],[0.82345523 0.22351391],
[0.81904161 0.24353552],[0.81462799 0.26355712],[0.81021438 0.28357873],
[0.80580076 0.30360033],[0.80138714 0.32362194],[0.79697352 0.34364354],
[-0.2074401   0.36366514],[-0.21185372  0.38368675],[-0.21626734  0.40370835],
[-0.22068096  0.42372996],[-0.22509458  0.44375156],[-0.2295082   0.46377317],
[-0.23392182  0.48379477],[-0.23833544  0.50381638],[-0.24274905  0.52383798],
[-0.24716267  0.54385959],[-0.25157629  0.56388119],[-0.25598991  0.58390279],
[-0.26040353  0.6039244 ],[-0.26481715  0.623946  ],[-0.26923077  0.64396761],
[-0.27364439  0.66398921],[-0.27805801  0.68401082],[-0.28247163  0.70403242],
[-0.28688525  0.72405403],[-0.29129887  0.74407563],[-0.29571248  0.76409724],
[-0.3001261   0.78411884],[-0.30453972  0.80414044],[-0.30895334  0.82416205],
[-0.31336696  0.84418365],[-0.31778058  0.86420526],[0.1778058  0.01820146],
[0.17339218 0.03822306],[0.16897856 0.05824467],[0.16456494 0.07826627],
[0.16015132 0.09828788],[0.1557377  0.11830948],[0.15132409 0.13833109],
[0.14691047 0.15835269],[0.14249685 0.1783743 ],[0.13808323 0.1983959 ],
[0.13366961 0.2184175 ],[0.12925599 0.23843911],[0.12484237 0.25846071],
[0.12042875 0.27848232],[0.11601513 0.29850392],[0.11160151 0.31852553],
[0.10718789 0.33854713],[0.10277427 0.35856874],[0.09836066 0.37859034],
[0.09394704 0.39861194],[0.08953342 0.41863355],[0.0851198  0.43865515],
[0.08070618 0.45867676],[0.07629256 0.47869836],[0.07187894 0.49871997],
[0.06746532 0.51874157],[0.0630517  0.53876318],[0.05863808 0.55878478],
[0.05422446 0.57880639],[0.04981084 0.59882799],[0.04539723 0.61884959],
[0.04098361 0.6388712 ],[0.03656999 0.6588928 ],[0.03215637 0.67891441],
[0.02774275 0.69893601],[0.02332913 0.71895762],[0.01891551 0.73897922],
[0.01450189 0.75900083],[0.01008827 0.77902243],[0.00567465 0.79904404],
[0.00126103 0.81906564],[-0.00315259  0.83908724],[-0.0075662   0.85910885],
[0.48802018 0.01310505],[0.48360656 0.03312665],[0.47919294 0.05314826],
[0.47477932 0.07316986],[0.4703657  0.09319147],[0.46595208 0.11321307],
[0.46153846 0.13323468],[0.45712484 0.15325628],[0.45271122 0.17327789],
[0.4482976  0.19329949],[0.44388398 0.2133211 ],[0.43947037 0.2333427 ],
[0.43505675 0.2533643 ],[0.43064313 0.27338591],[0.42622951 0.29340751],
[0.42181589 0.31342912],[0.41740227 0.33345072],[0.41298865 0.35347233],
[0.40857503 0.37349393],[0.40416141 0.39351554],[0.39974779 0.41353714],
[0.39533417 0.43355875],[0.39092055 0.45358035],[0.38650694 0.47360195],
[0.38209332 0.49362356],[0.3776797  0.51364516],[0.37326608 0.53366677],
[0.36885246 0.55368837],[0.36443884 0.57370998],[0.36002522 0.59373158],
[0.3556116  0.61375319],[0.35119798 0.63377479],[0.34678436 0.6537964 ],
[0.34237074 0.673818  ],[0.33795712 0.6938396 ],[0.33354351 0.71386121],
[0.32912989 0.73388281],[0.32471627 0.75390442],[0.32030265 0.77392602],
[0.31588903 0.79394763],[0.31147541 0.81396923],[0.30706179 0.83399084],
[0.30264817 0.85401244],[0.79823455 0.00800864],[0.79382093 0.02803025],
[0.78940731 0.04805185],[0.78499369 0.06807346],[0.78058008 0.08809506],
[0.77616646 0.10811666],[0.77175284 0.12813827],[0.76733922 0.14815987],
[0.7629256  0.16818148],[0.75851198 0.18820308],[0.75409836 0.20822469],
[0.74968474 0.22824629],[0.74527112 0.2482679 ],[0.7408575 0.2682895],
[0.73644388 0.28831111],[0.73203026 0.30833271],[0.72761665 0.32835431],
[0.72320303 0.34837592],[0.71878941 0.36839752],[0.71437579 0.38841913],
[0.70996217 0.40844073],[0.70554855 0.42846234],[0.70113493 0.44848394],
[0.69672131 0.46850555],[0.69230769 0.48852715],[0.68789407 0.50854876],
[0.68348045 0.52857036],[0.67906683 0.54859196],[-0.32534678  0.56861357],
[-0.3297604   0.58863517],[-0.33417402  0.60865678],[-0.33858764  0.62867838],
[-0.34300126  0.64869999],[-0.34741488  0.66872159],[-0.3518285  0.6887432],
[-0.35624212  0.7087648 ],[-0.36065574  0.72878641],[-0.36506936  0.74880801],
[-0.36948298  0.76882961],[-0.3738966   0.78885122],[-0.37831021  0.80887282],
[-0.38272383  0.82889443],[-0.38713745  0.84891603],[0.10844893 0.00291223],
[0.10403531 0.02293384],[0.09962169 0.04295544],[0.09520807 0.06297705],
[0.09079445 0.08299865],[0.08638083 0.10302026],[0.08196721 0.12304186],
[0.07755359 0.14306347],[0.07313997 0.16308507],[0.06872636 0.18310667],
[0.06431274 0.20312828],[0.05989912 0.22314988],[0.0554855  0.24317149],
[0.05107188 0.26319309],[0.04665826 0.2832147 ],[0.04224464 0.3032363 ],
[0.03783102 0.32325791],[0.0334174  0.34327951],[0.02900378 0.36330112],
[0.02459016 0.38332272],[0.02017654 0.40334432],[0.01576293 0.42336593],
[0.01134931 0.44338753],[0.00693569 0.46340914],[0.00252207 0.48343074],
[-0.00189155  0.50345235],[-0.00630517  0.52347395],[-0.01071879  0.54349556],
[-0.01513241  0.56351716],[-0.01954603  0.58353877],[-0.02395965  0.60356037],
[-0.02837327  0.62358197],[-0.03278689  0.64360358],[-0.0372005   0.66362518],
[-0.04161412  0.68364679],[-0.04602774  0.70366839],[-0.05044136  0.72369   ],
[-0.05485498  0.7437116 ],[-0.0592686   0.76373321],[-0.06368222  0.78375481],
[-0.06809584  0.80377642],[-0.07250946  0.82379802],[-0.07692308  0.84381962],
[-0.0813367   0.86384123],[0.41424968 0.01783743],[0.40983607 0.03785903],
[0.40542245 0.05788064],[0.40100883 0.07790224],[0.39659521 0.09792385],
[0.39218159 0.11794545],[0.38776797 0.13796706],[0.38335435 0.15798866],
[0.37894073 0.17801027],[0.37452711 0.19803187],[0.37011349 0.21805347],
[0.36569987 0.23807508],[0.36128625 0.25809668],[0.35687264 0.27811829],
[0.35245902 0.29813989],[0.3480454 0.3181615],[0.34363178 0.3381831 ],
[0.33921816 0.35820471],[0.33480454 0.37822631],[0.33039092 0.39824792],
[0.3259773  0.41826952],[0.32156368 0.43829112],[0.31715006 0.45831273],
[0.31273644 0.47833433],[0.30832282 0.49835594],[0.30390921 0.51837754],
[0.29949559 0.53839915],[0.29508197 0.55842075],[0.29066835 0.57844236],
[0.28625473 0.59846396],[0.28184111 0.61848557],[0.27742749 0.63850717],
[0.27301387 0.65852877],[0.26860025 0.67855038],[0.26418663 0.69857198],
[0.25977301 0.71859359],[0.25535939 0.73861519],[0.25094578 0.7586368 ],
[0.24653216 0.7786584 ],[0.24211854 0.79868001],[0.23770492 0.81870161],
[0.2332913  0.83872322],[0.22887768 0.85874482],[0.72446406 0.01274102],
[0.72005044 0.03276263],[0.71563682 0.05278423],[0.7112232  0.07280583],
[0.70680958 0.09282744],[0.70239596 0.11284904],[0.69798235 0.13287065],
[0.69356873 0.15289225],[0.68915511 0.17291386],[0.68474149 0.19293546],
[0.68032787 0.21295707],[0.67591425 0.23297867],[0.67150063 0.25300028],
[0.66708701 0.27302188],[0.66267339 0.29304348],[0.65825977 0.31306509],
[0.65384615 0.33308669],[0.64943253 0.3531083 ],[0.64501892 0.3731299 ],
[0.6406053  0.39315151],[0.63619168 0.41317311],[0.63177806 0.43319472],
[0.62736444 0.45321632],[0.62295082 0.47323793],[0.6185372  0.49325953],
[0.61412358 0.51328113],[0.60970996 0.53330274],[0.60529634 0.55332434],
[0.60088272 0.57334595],[0.5964691  0.59336755],[0.59205549 0.61338916],
[0.58764187 0.63341076],[0.58322825 0.65343237],[0.57881463 0.67345397],
[0.57440101 0.69347558],[0.56998739 0.71349718],[0.56557377 0.73351878],
[0.56116015 0.75354039],[-0.44325347  0.77356199],[-0.44766709  0.7935836 ],
[-0.45208071  0.8136052 ],[-0.45649433  0.83362681],[-0.46090794  0.85364841],
[0.03467844 0.00764461],[0.03026482 0.02766622],[0.0258512  0.04768782],
[0.02143758 0.06770943],[0.01702396 0.08773103],[0.01261034 0.10775264],
[0.00819672 0.12777424],[0.0037831  0.14779584],[-0.00063052  0.16781745],
[-0.00504414  0.18783905],[-0.00945776  0.20786066],[-0.01387137  0.22788226],
[-0.01828499  0.24790387],[-0.02269861  0.26792547],[-0.02711223  0.28794708],
[-0.03152585  0.30796868],[-0.03593947  0.32799029],[-0.04035309  0.34801189],
[-0.04476671  0.36803349],[-0.04918033  0.3880551 ],[-0.05359395  0.4080767 ],
[-0.05800757  0.42809831],[-0.06242119  0.44811991],[-0.0668348   0.46814152],
[-0.07124842  0.48816312],[-0.07566204  0.50818473],[-0.08007566  0.52820633],
[-0.08448928  0.54822794],[-0.0889029   0.56824954],[-0.09331652  0.58827114],
[-0.09773014  0.60829275],[-0.10214376  0.62831435],[-0.10655738  0.64833596],
[-0.110971    0.66835756],[-0.11538462  0.68837917],[-0.11979823  0.70840077],
[-0.12421185  0.72842238],[-0.12862547  0.74844398],[-0.13303909  0.76846559],
[-0.13745271  0.78848719],[-0.14186633  0.80850879],[-0.14627995  0.8285304 ],
[-0.15069357  0.848552  ],[0.34489281 0.0025482 ],[0.34047919 0.02256981],
[0.33606557 0.04259141],[0.33165195 0.06261302],[0.32723834 0.08263462],
[0.32282472 0.10265623],[0.3184111  0.12267783],[0.31399748 0.14269944],
[0.30958386 0.16272104],[0.30517024 0.18274265],[0.30075662 0.20276425],
[0.296343   0.22278585],[0.29192938 0.24280746],[0.28751576 0.26282906],
[0.28310214 0.28285067],[0.27868852 0.30287227],[0.27427491 0.32289388],
[0.26986129 0.34291548],[0.26544767 0.36293709],[0.26103405 0.38295869],
[0.25662043 0.4029803 ],[0.25220681 0.4230019 ],[0.24779319 0.4430235 ],
[0.24337957 0.46304511],[0.23896595 0.48306671],[0.23455233 0.50308832],
[0.23013871 0.52310992],[0.22572509 0.54313153],[0.22131148 0.56315313],
[0.21689786 0.58317474],[0.21248424 0.60319634],[0.20807062 0.62321795],
[0.203657   0.64323955],[0.19924338 0.66326115],[0.19482976 0.68328276],
[0.19041614 0.70330436],[0.18600252 0.72332597],[0.1815889  0.74334757],
[0.17717528 0.76336918],[0.17276166 0.78339078],[0.16834805 0.80341239],
[0.16393443 0.82343399],[0.15952081 0.8434556 ],[0.15510719 0.8634772 ],
[0.65069357 0.0174734 ],[0.64627995 0.037495  ],[0.64186633 0.05751661],
[0.63745271 0.07753821],[0.63303909 0.09755982],[0.62862547 0.11758142],
[0.62421185 0.13760303],[0.61979823 0.15762463],[0.61538462 0.17764624],
[0.610971   0.19766784],[0.60655738 0.21768945],[0.60214376 0.23771105],
[0.59773014 0.25773265],[0.59331652 0.27775426],[0.5889029  0.29777586],
[0.58448928 0.31779747],[0.58007566 0.33781907],[0.57566204 0.35784068],
[0.57124842 0.37786228],[0.5668348  0.39788389],[0.56242119 0.41790549],
[0.55800757 0.4379271 ],[0.55359395 0.4579487 ],[0.54918033 0.4779703 ],
[0.54476671 0.49799191],[0.54035309 0.51801351],[0.53593947 0.53803512],
[0.53152585 0.55805672],[0.52711223 0.57807833],[0.52269861 0.59809993],
[0.51828499 0.61812154],[0.51387137 0.63814314],[0.50945776 0.65816475],
[0.50504414 0.67818635],[0.50063052 0.69820795],[0.4962169  0.71822956],
[0.49180328 0.73825116],[0.48738966 0.75827277],[0.48297604 0.77829437],
[0.47856242 0.79831598],[0.4741488  0.81833758],[0.46973518 0.83835919],
[0.46532156 0.85838079],[0.96090794 0.01237699],[0.95649433 0.0323986 ],
[0.95208071 0.0524202 ],[0.94766709 0.07244181],[0.94325347 0.09246341],
[-0.06116015  0.11248501],[-0.06557377  0.13250662],[-0.06998739  0.15252822],
[-0.07440101  0.17254983],[-0.07881463  0.19257143],[-0.08322825  0.21259304],
[-0.08764187  0.23261464],[-0.09205549  0.25263625],[-0.0964691   0.27265785],
[-0.10088272  0.29267946],[-0.10529634  0.31270106],[-0.10970996  0.33272266],
[-0.11412358  0.35274427],[-0.1185372   0.37276587],[-0.12295082  0.39278748],
[-0.12736444  0.41280908],[-0.13177806  0.43283069],[-0.13619168  0.45285229],
[-0.1406053  0.4728739],[-0.14501892  0.4928955 ],[-0.14943253  0.51291711],
[-0.15384615  0.53293871],[-0.15825977  0.55296031],[-0.16267339  0.57298192],
[-0.16708701  0.59300352],[-0.17150063  0.61302513],[-0.17591425  0.63304673],
[-0.18032787  0.65306834],[-0.18474149  0.67308994],[-0.18915511  0.69311155],
[-0.19356873  0.71313315],[-0.19798235  0.73315476],[-0.20239596  0.75317636],
[-0.20680958  0.77319796],[-0.2112232   0.79321957],[-0.21563682  0.81324117],
[-0.22005044  0.83326278],[-0.22446406  0.85328438],[0.27112232 0.00728058],
[0.2667087  0.02730219],[0.26229508 0.04732379],[0.25788146 0.0673454 ],
[0.25346784 0.087367  ],[0.24905422 0.10738861],[0.24464061 0.12741021],
[0.24022699 0.14743182],[0.23581337 0.16745342],[0.23139975 0.18747502],
[0.22698613 0.20749663],[0.22257251 0.22751823],[0.21815889 0.24753984],
[0.21374527 0.26756144],[0.20933165 0.28758305],[0.20491803 0.30760465],
[0.20050441 0.32762626],[0.19609079 0.34764786],[0.19167718 0.36766947],
[0.18726356 0.38769107],[0.18284994 0.40771267],[0.17843632 0.42773428],
[0.1740227  0.44775588],[0.16960908 0.46777749],[0.16519546 0.48779909],
[0.16078184 0.5078207 ],[0.15636822 0.5278423 ],[0.1519546  0.54786391],
[0.14754098 0.56788551],[0.14312736 0.58790712],[0.13871375 0.60792872],
[0.13430013 0.62795032],[0.12988651 0.64797193],[0.12547289 0.66799353],
[0.12105927 0.68801514],[0.11664565 0.70803674],[0.11223203 0.72805835],
[0.10781841 0.74807995],[0.10340479 0.76810156],[0.09899117 0.78812316],
[0.09457755 0.80814477],[0.09016393 0.82816637],[0.08575032 0.84818797],
[0.5813367  0.00218418],[0.57692308 0.02220578],[0.57250946 0.04222738],
[0.56809584 0.06224899],[0.56368222 0.08227059],[0.5592686 0.1022922],
[0.55485498 0.1223138 ],[0.55044136 0.14233541],[0.54602774 0.16235701],
[0.54161412 0.18237862],[0.5372005  0.20240022],[0.53278689 0.22242183],
[0.52837327 0.24244343],[0.52395965 0.26246503],[0.51954603 0.28248664],
[0.51513241 0.30250824],[0.51071879 0.32252985],[0.50630517 0.34255145],
[0.50189155 0.36257306],[0.49747793 0.38259466],[0.49306431 0.40261627],
[0.48865069 0.42263787],[0.48423707 0.44265947],[0.47982346 0.46268108],
[0.47540984 0.48270268],[0.47099622 0.50272429],[0.4665826  0.52274589],
[0.46216898 0.5427675 ],[0.45775536 0.5627891 ],[0.45334174 0.58281071],
[0.44892812 0.60283231],[0.4445145  0.62285392],[0.44010088 0.64287552],
[0.43568726 0.66289712],[0.43127364 0.68291873],[0.42686003 0.70294033],
[0.42244641 0.72296194],[0.41803279 0.74298354],[0.41361917 0.76300515],
[0.40920555 0.78302675],[0.40479193 0.80304836],[0.40037831 0.82306996],
[0.39596469 0.84309157],[0.39155107 0.86311317],[0.88713745 0.01710937],
[0.88272383 0.03713098],[0.87831021 0.05715258],[0.8738966  0.07717418],
[0.86948298 0.09719579],[0.86506936 0.11721739],[0.86065574 0.137239  ],
[0.85624212 0.1572606 ],[0.8518285  0.17728221],[0.84741488 0.19730381],
[0.84300126 0.21732542],[0.83858764 0.23734702],[0.83417402 0.25736863],
[0.8297604  0.27739023],[0.82534678 0.29741183],[-0.17906683  0.31743344],
[-0.18348045  0.33745504],[-0.18789407  0.35747665],[-0.19230769  0.37749825],
[-0.19672131  0.39751986],[-0.20113493  0.41754146],[-0.20554855  0.43756307],
[-0.20996217  0.45758467],[-0.21437579  0.47760628],[-0.21878941  0.49762788],
[-0.22320303  0.51764948],[-0.22761665  0.53767109],[-0.23203026  0.55769269],
[-0.23644388  0.5777143 ],[-0.2408575  0.5977359],[-0.24527112  0.61775751],
[-0.24968474  0.63777911],[-0.25409836  0.65780072],[-0.25851198  0.67782232],
[-0.2629256   0.69784393],[-0.26733922  0.71786553],[-0.27175284  0.73788713],
[-0.27616646  0.75790874],[-0.28058008  0.77793034],[-0.28499369  0.79795195],
[-0.28940731  0.81797355],[-0.29382093  0.83799516],[-0.29823455  0.85801676],
[0.19735183 0.01201296],[0.19293821 0.03203457],[0.18852459 0.05205617],
[0.18411097 0.07207778],[0.17969735 0.09209938],[0.17528373 0.11212099],
[0.17087011 0.13214259],[0.16645649 0.15216419],[0.16204288 0.1721858 ],
[0.15762926 0.1922074 ],[0.15321564 0.21222901],[0.14880202 0.23225061],
[0.1443884  0.25227222],[0.13997478 0.27229382],[0.13556116 0.29231543],
[0.13114754 0.31233703],[0.12673392 0.33235864],[0.1223203  0.35238024],
[0.11790668 0.37240184],[0.11349306 0.39242345],[0.10907945 0.41244505],
[0.10466583 0.43246666],[0.10025221 0.45248826],[0.09583859 0.47250987],
[0.09142497 0.49253147],[0.08701135 0.51255308],[0.08259773 0.53257468],
[0.07818411 0.55259629],[0.07377049 0.57261789],[0.06935687 0.59263949],
[0.06494325 0.6126611 ],[0.06052963 0.6326827 ],[0.05611602 0.65270431],
[0.0517024  0.67272591],[0.04728878 0.69274752],[0.04287516 0.71276912],
[0.03846154 0.73279073],[0.03404792 0.75281233],[0.0296343  0.77283394],
[0.02522068 0.79285554],[0.02080706 0.81287714],[0.01639344 0.83289875],
[0.01197982 0.85292035],[0.5075662  0.00691655],[0.50315259 0.02693816],
[0.49873897 0.04695976],[0.49432535 0.06698137],[0.48991173 0.08700297],
[0.48549811 0.10702458],[0.48108449 0.12704618],[0.47667087 0.14706779],
[0.47225725 0.16708939],[0.46784363 0.187111  ],[0.46343001 0.2071326 ],
[0.45901639 0.2271542 ],[0.45460277 0.24717581],[0.45018916 0.26719741],
[0.44577554 0.28721902],[0.44136192 0.30724062],[0.4369483  0.32726223],
[0.43253468 0.34728383],[0.42812106 0.36730544],[0.42370744 0.38732704],
[0.41929382 0.40734865],[0.4148802  0.42737025],[0.41046658 0.44739185],
[0.40605296 0.46741346],[0.40163934 0.48743506],[0.39722573 0.50745667],
[0.39281211 0.52747827],[0.38839849 0.54749988],[0.38398487 0.56752148],
[0.37957125 0.58754309],[0.37515763 0.60756469],[0.37074401 0.6275863 ],
[0.36633039 0.6476079 ],[0.36191677 0.6676295 ],[0.35750315 0.68765111],
[0.35308953 0.70767271],[0.34867591 0.72769432],[0.3442623  0.74771592],
[0.33984868 0.76773753],[0.33543506 0.78775913],[0.33102144 0.80778074],
[0.32660782 0.82780234],[0.3221942  0.84782395],[0.81778058 0.00182015],
[0.81336696 0.02184175],[0.80895334 0.04186335],[0.80453972 0.06188496],
[0.8001261  0.08190656],[0.79571248 0.10192817],[0.79129887 0.12194977],
[0.78688525 0.14197138],[0.78247163 0.16199298],[0.77805801 0.18201459],
[0.77364439 0.20203619],[0.76923077 0.2220578 ],[0.76481715 0.2420794 ],
[0.76040353 0.262101  ],[0.75598991 0.28212261],[0.75157629 0.30214421],
[0.74716267 0.32216582],[0.74274905 0.34218742],[0.73833544 0.36220903],
[0.73392182 0.38223063],[0.7295082  0.40225224],[0.72509458 0.42227384],
[0.72068096 0.44229545],[0.71626734 0.46231705],[0.71185372 0.48233865],
[0.7074401  0.50236026],[-0.29697352  0.52238186],[-0.30138714  0.54240347],
[-0.30580076  0.56242507],[-0.31021438  0.58244668],[-0.31462799  0.60246828],
[-0.31904161  0.62248989],[-0.32345523  0.64251149],[-0.32786885  0.6625331 ],
[-0.33228247  0.6825547 ],[-0.33669609  0.7025763 ],[-0.34110971  0.72259791],
[-0.34552333  0.74261951],[-0.34993695  0.76264112],[-0.35435057  0.78266272],
[-0.35876419  0.80268433],[-0.36317781  0.82270593],[-0.36759142  0.84272754],
[-0.37200504  0.86274914],[0.12358134 0.01674534],[0.11916772 0.03676695],
[0.1147541  0.05678855],[0.11034048 0.07681016],[0.10592686 0.09683176],
[0.10151324 0.11685336],[0.09709962 0.13687497],[0.092686   0.15689657],
[0.08827238 0.17691818],[0.08385876 0.19693978],[0.07944515 0.21696139],
[0.07503153 0.23698299],[0.07061791 0.2570046 ],[0.06620429 0.2770262 ],
[0.06179067 0.29704781],[0.05737705 0.31706941],[0.05296343 0.33709101],
[0.04854981 0.35711262],[0.04413619 0.37713422],[0.03972257 0.39715583],
[0.03530895 0.41717743],[0.03089533 0.43719904],[0.02648172 0.45722064],
[0.0220681  0.47724225],[0.01765448 0.49726385],[0.01324086 0.51728546],
[0.00882724 0.53730706],[0.00441362 0.55732866],[4.77876577e-17 5.77350269e-01],
[-0.00441362  0.59737187],[-0.00882724  0.61739348],[-0.01324086  0.63741508],
[-0.01765448  0.65743669],[-0.0220681   0.67745829],[-0.02648172  0.6974799 ],
[-0.03089533  0.7175015 ],[-0.03530895  0.73752311],[-0.03972257  0.75754471],
[-0.04413619  0.77756631],[-0.04854981  0.79758792],[-0.05296343  0.81760952],
[-0.05737705  0.83763113],[-0.06179067  0.85765273],[0.43379571 0.01164893],
[0.42938209 0.03167054],[0.42496847 0.05169214],[0.42055485 0.07171375],
[0.41614124 0.09173535],[0.41172762 0.11175696],[0.407314   0.13177856],
[0.40290038 0.15180017],[0.39848676 0.17182177],[0.39407314 0.19184337],
[0.38965952 0.21186498],[0.3852459  0.23188658],[0.38083228 0.25190819],
[0.37641866 0.27192979],[0.37200504 0.2919514 ],[0.36759142 0.311973  ],
[0.36317781 0.33199461],[0.35876419 0.35201621],[0.35435057 0.37203782],
[0.34993695 0.39205942],[0.34552333 0.41208102],[0.34110971 0.43210263],
[0.33669609 0.45212423],[0.33228247 0.47214584],[0.32786885 0.49216744],
[0.32345523 0.51218905],[0.31904161 0.53221065],[0.31462799 0.55223226],
[0.31021438 0.57225386],[0.30580076 0.59227547],[0.30138714 0.61229707],
[0.29697352 0.63231867],[0.2925599  0.65234028],[0.28814628 0.67236188],
[0.28373266 0.69238349],[0.27931904 0.71240509],[0.27490542 0.7324267 ],
[0.2704918 0.7524483],[0.26607818 0.77246991],[0.26166456 0.79249151],
[0.25725095 0.81251312],[0.25283733 0.83253472],[0.24842371 0.85255632],
[0.74401009 0.00655253],[0.73959647 0.02657413],[0.73518285 0.04659573],
[0.73076923 0.06661734],[0.72635561 0.08663894],[0.72194199 0.10666055],
[0.71752837 0.12668215],[0.71311475 0.14670376],[0.70870113 0.16672536],
[0.70428752 0.18674697],[0.6998739  0.20676857],[0.69546028 0.22679018],
[0.69104666 0.24681178],[0.68663304 0.26683338],[0.68221942 0.28685499],
[0.6778058  0.30687659],[0.67339218 0.3268982 ],[0.66897856 0.3469198 ],
[0.66456494 0.36694141],[0.66015132 0.38696301],[0.6557377  0.40698462],
[0.65132409 0.42700622],[0.64691047 0.44702783],[0.64249685 0.46704943],
[0.63808323 0.48707103],[0.63366961 0.50709264],[0.62925599 0.52711424],
[0.62484237 0.54713585],[0.62042875 0.56715745],[0.61601513 0.58717906],
[0.61160151 0.60720066],[0.60718789 0.62722227],[0.60277427 0.64724387],
[0.59836066 0.66726548],[0.59394704 0.68728708],[0.58953342 0.70730868],
[-0.4148802   0.72733029],[-0.41929382  0.74735189],[-0.42370744  0.7673735 ],
[-0.42812106  0.7873951 ],[-0.43253468  0.80741671],[-0.4369483   0.82743831],
[-0.44136192  0.84745992],[0.05422446 0.00145612],[0.04981084 0.02147772],
[0.04539723 0.04149933],[0.04098361 0.06152093],[0.03656999 0.08154253],
[0.03215637 0.10156414],[0.02774275 0.12158574],[0.02332913 0.14160735],
[0.01891551 0.16162895],[0.01450189 0.18165056],[0.01008827 0.20167216],
[0.00567465 0.22169377],[0.00126103 0.24171537],[-0.00315259  0.26173698],
[-0.0075662   0.28175858],[-0.01197982  0.30178018],[-0.01639344  0.32180179],
[-0.02080706  0.34182339],[-0.02522068  0.361845  ],[-0.0296343  0.3818666],
[-0.03404792  0.40188821],[-0.03846154  0.42190981],[-0.04287516  0.44193142],
[-0.04728878  0.46195302],[-0.0517024   0.48197463],[-0.05611602  0.50199623],
[-0.06052963  0.52201783],[-0.06494325  0.54203944],[-0.06935687  0.56206104],
[-0.07377049  0.58208265],[-0.07818411  0.60210425],[-0.08259773  0.62212586],
[-0.08701135  0.64214746],[-0.09142497  0.66216907],[-0.09583859  0.68219067],
[-0.10025221  0.70221228],[-0.10466583  0.72223388],[-0.10907945  0.74225548],
[-0.11349306  0.76227709],[-0.11790668  0.78229869],[-0.1223203  0.8023203],
[-0.12673392  0.8223419 ],[-0.13114754  0.84236351],[-0.13556116  0.86238511],
[0.36002522 0.01638131],[0.3556116  0.03640292],[0.35119798 0.05642452],
[0.34678436 0.07644613],[0.34237074 0.09646773],[0.33795712 0.11648934],
[0.33354351 0.13651094],[0.32912989 0.15653254],[0.32471627 0.17655415],
[0.32030265 0.19657575],[0.31588903 0.21659736],[0.31147541 0.23661896],
[0.30706179 0.25664057],[0.30264817 0.27666217],[0.29823455 0.29668378],
[0.29382093 0.31670538],[0.28940731 0.33672699],[0.28499369 0.35674859],
[0.28058008 0.37677019],[0.27616646 0.3967918 ],[0.27175284 0.4168134 ],
[0.26733922 0.43683501],[0.2629256  0.45685661],[0.25851198 0.47687822],
[0.25409836 0.49689982],[0.24968474 0.51692143],[0.24527112 0.53694303],
[0.2408575  0.55696464],[0.23644388 0.57698624],[0.23203026 0.59700784],
[0.22761665 0.61702945],[0.22320303 0.63705105],[0.21878941 0.65707266],
[0.21437579 0.67709426],[0.20996217 0.69711587],[0.20554855 0.71713747],
[0.20113493 0.73715908],[0.19672131 0.75718068],[0.19230769 0.77720229],
[0.18789407 0.79722389],[0.18348045 0.81724549],[0.17906683 0.8372671 ],
[0.17465322 0.8572887 ],[0.6702396 0.0112849],[0.66582598 0.03130651],
[0.66141236 0.05132811],[0.65699874 0.07134972],[0.65258512 0.09137132],
[0.6481715  0.11139293],[0.64375788 0.13141453],[0.63934426 0.15143614],
[0.63493064 0.17145774],[0.63051702 0.19147935],[0.6261034  0.21150095],
[0.62168979 0.23152255],[0.61727617 0.25154416],[0.61286255 0.27156576],
[0.60844893 0.29158737],[0.60403531 0.31160897],[0.59962169 0.33163058],
[0.59520807 0.35165218],[0.59079445 0.37167379],[0.58638083 0.39169539],
[0.58196721 0.411717  ],[0.57755359 0.4317386 ],[0.57313997 0.4517602 ],
[0.56872636 0.47178181],[0.56431274 0.49180341],[0.55989912 0.51182502],
[0.5554855  0.53184662],[0.55107188 0.55186823],[0.54665826 0.57188983],
[0.54224464 0.59191144],[0.53783102 0.61193304],[0.5334174  0.63195465],
[0.52900378 0.65197625],[0.52459016 0.67199785],[0.52017654 0.69201946],
[0.51576293 0.71204106],[0.51134931 0.73206267],[0.50693569 0.75208427],
[0.50252207 0.77210588],[0.49810845 0.79212748],[0.49369483 0.81214909],
[0.48928121 0.83217069],[0.48486759 0.8521923 ],[0.98045397 0.0061885 ],
[0.97604035 0.0262101 ],[0.97162673 0.04623171],[-0.03278689  0.06625331],
[-0.0372005   0.08627491],[-0.04161412  0.10629652],[-0.04602774  0.12631812],
[-0.05044136  0.14633973],[-0.05485498  0.16636133],[-0.0592686   0.18638294],
[-0.06368222  0.20640454],[-0.06809584  0.22642615],[-0.07250946  0.24644775],
[-0.07692308  0.26646936],[-0.0813367   0.28649096],[-0.08575032  0.30651256],
[-0.09016393  0.32653417],[-0.09457755  0.34655577],[-0.09899117  0.36657738],
[-0.10340479  0.38659898],[-0.10781841  0.40662059],[-0.11223203  0.42664219],
[-0.11664565  0.4466638 ],[-0.12105927  0.4666854 ],[-0.12547289  0.486707  ],
[-0.12988651  0.50672861],[-0.13430013  0.52675021],[-0.13871375  0.54677182],
[-0.14312736  0.56679342],[-0.14754098  0.58681503],[-0.1519546   0.60683663],
[-0.15636822  0.62685824],[-0.16078184  0.64687984],[-0.16519546  0.66690145],
[-0.16960908  0.68692305],[-0.1740227   0.70694465],[-0.17843632  0.72696626],
[-0.18284994  0.74698786],[-0.18726356  0.76700947],[-0.19167718  0.78703107],
[-0.19609079  0.80705268],[-0.20050441  0.82707428],[-0.20491803  0.84709589],
[0.29066835 0.00109209],[0.28625473 0.02111369],[0.28184111 0.0411353 ],
[0.27742749 0.0611569 ],[0.27301387 0.08117851],[0.26860025 0.10120011],
[0.26418663 0.12122171],[0.25977301 0.14124332],[0.25535939 0.16126492],
[0.25094578 0.18128653],[0.24653216 0.20130813],[0.24211854 0.22132974],
[0.23770492 0.24135134],[0.2332913  0.26137295],[0.22887768 0.28139455],
[0.22446406 0.30141616],[0.22005044 0.32143776],[0.21563682 0.34145936],
[0.2112232  0.36148097],[0.20680958 0.38150257],[0.20239596 0.40152418],
[0.19798235 0.42154578],[0.19356873 0.44156739],[0.18915511 0.46158899],
[0.18474149 0.4816106 ],[0.18032787 0.5016322 ],[0.17591425 0.52165381],
[0.17150063 0.54167541],[0.16708701 0.56169701],[0.16267339 0.58171862],
[0.15825977 0.60174022],[0.15384615 0.62176183],[0.14943253 0.64178343],
[0.14501892 0.66180504],[0.1406053  0.68182664],[0.13619168 0.70184825],
[0.13177806 0.72186985],[0.12736444 0.74189146],[0.12295082 0.76191306],
[0.1185372  0.78193466],[0.11412358 0.80195627],[0.10970996 0.82197787],
[0.10529634 0.84199948],[0.10088272 0.86202108],[0.5964691  0.01601728],
[0.59205549 0.03603889],[0.58764187 0.05606049],[0.58322825 0.0760821 ],
[0.57881463 0.0961037 ],[0.57440101 0.11612531],[0.56998739 0.13614691],
[0.56557377 0.15616852],[0.56116015 0.17619012],[0.55674653 0.19621172],
[0.55233291 0.21623333],[0.54791929 0.23625493],[0.54350567 0.25627654],
[0.53909206 0.27629814],[0.53467844 0.29631975],[0.53026482 0.31634135],
[0.5258512  0.33636296],[0.52143758 0.35638456],[0.51702396 0.37640617],
[0.51261034 0.39642777],[0.50819672 0.41644937],[0.5037831  0.43647098],
[0.49936948 0.45649258],[0.49495586 0.47651419],[0.49054224 0.49653579],
[0.48612863 0.5165574 ],[0.48171501 0.536579  ],[0.47730139 0.55660061],
[0.47288777 0.57662221],[0.46847415 0.59664382],[0.46406053 0.61666542],
[0.45964691 0.63668702],[0.45523329 0.65670863],[0.45081967 0.67673023],
[0.44640605 0.69675184],[0.44199243 0.71677344],[0.43757881 0.73679505],
[0.4331652  0.75681665],[0.42875158 0.77683826],[0.42433796 0.79685986],
[0.41992434 0.81688147],[0.41551072 0.83690307],[0.4110971  0.85692467],
[0.90668348 0.01092088],[0.90226986 0.03094248],[0.89785624 0.05096408],
[0.89344262 0.07098569],[0.889029   0.09100729],[0.88461538 0.1110289 ],
[0.88020177 0.1310505 ],[0.87578815 0.15107211],[0.87137453 0.17109371],
[0.86696091 0.19111532],[0.86254729 0.21113692],[0.85813367 0.23115853],
[0.85372005 0.25118013],[-0.15069357  0.27120173],[-0.15510719  0.29122334],
[-0.15952081  0.31124494],[-0.16393443  0.33126655],[-0.16834805  0.35128815],
[-0.17276166  0.37130976],[-0.17717528  0.39133136],[-0.1815889   0.41135297],
[-0.18600252  0.43137457],[-0.19041614  0.45139618],[-0.19482976  0.47141778],
[-0.19924338  0.49143938],[-0.203657    0.51146099],[-0.20807062  0.53148259],
[-0.21248424  0.5515042 ],[-0.21689786  0.5715258 ],[-0.22131148  0.59154741],
[-0.22572509  0.61156901],[-0.23013871  0.63159062],[-0.23455233  0.65161222],
[-0.23896595  0.67163383],[-0.24337957  0.69165543],[-0.24779319  0.71167703],
[-0.25220681  0.73169864],[-0.25662043  0.75172024],[-0.26103405  0.77174185],
[-0.26544767  0.79176345],[-0.26986129  0.81178506],[-0.27427491  0.83180666],
[-0.27868852  0.85182827],[0.21689786 0.00582447],[0.21248424 0.02584607],
[0.20807062 0.04586768],[0.203657   0.06588928],[0.19924338 0.08591088],
[0.19482976 0.10593249],[0.19041614 0.12595409],[0.18600252 0.1459757 ],
[0.1815889 0.1659973],[0.17717528 0.18601891],[0.17276166 0.20604051],
[0.16834805 0.22606212],[0.16393443 0.24608372],[0.15952081 0.26610533],
[0.15510719 0.28612693],[0.15069357 0.30614853],[0.14627995 0.32617014],
[0.14186633 0.34619174],[0.13745271 0.36621335],[0.13303909 0.38623495],
[0.12862547 0.40625656],[0.12421185 0.42627816],[0.11979823 0.44629977],
[0.11538462 0.46632137],[0.110971   0.48634298],[0.10655738 0.50636458],
[0.10214376 0.52638618],[0.09773014 0.54640779],[0.09331652 0.56642939],
[0.0889029 0.586451 ],[0.08448928 0.6064726 ],[0.08007566 0.62649421],
[0.07566204 0.64651581],[0.07124842 0.66653742],[0.0668348  0.68655902],
[0.06242119 0.70658063],[0.05800757 0.72660223],[0.05359395 0.74662383],
[0.04918033 0.76664544],[0.04476671 0.78666704],[0.04035309 0.80668865],
[0.03593947 0.82671025],[0.03152585 0.84673186],[0.52711223 0.00072806],
[0.52269861 0.02074966],[0.51828499 0.04077127],[0.51387137 0.06079287],
[0.50945776 0.08081448],[0.50504414 0.10083608],[0.50063052 0.12085769],
[0.4962169  0.14087929],[0.49180328 0.16090089],[0.48738966 0.1809225 ],
[0.48297604 0.2009441 ],[0.47856242 0.22096571],[0.4741488  0.24098731],
[0.46973518 0.26100892],[0.46532156 0.28103052],[0.46090794 0.30105213],
[0.45649433 0.32107373],[0.45208071 0.34109534],[0.44766709 0.36111694],
[0.44325347 0.38113854],[0.43883985 0.40116015],[0.43442623 0.42118175],
[0.43001261 0.44120336],[0.42559899 0.46122496],[0.42118537 0.48124657],
[0.41677175 0.50126817],[0.41235813 0.52128978],[0.40794451 0.54131138],
[0.4035309  0.56133299],[0.39911728 0.58135459],[0.39470366 0.60137619],
[0.39029004 0.6213978 ],[0.38587642 0.6414194 ],[0.3814628  0.66144101],
[0.37704918 0.68146261],[0.37263556 0.70148422],[0.36822194 0.72150582],
[0.36380832 0.74152743],[0.3593947  0.76154903],[0.35498108 0.78157064],
[0.35056747 0.80159224],[0.34615385 0.82161384],[0.34174023 0.84163545],
[0.33732661 0.86165705],[0.83291299 0.01565325],[0.82849937 0.03567486],
[0.82408575 0.05569646],[0.81967213 0.07571807],[0.81525851 0.09573967],
[0.81084489 0.11576128],[0.80643127 0.13578288],[0.80201765 0.15580449],
[0.79760404 0.17582609],[0.79319042 0.1958477 ],[0.7887768 0.2158693],
[0.78436318 0.2358909 ],[0.77994956 0.25591251],[0.77553594 0.27593411],
[0.77112232 0.29595572],[0.7667087  0.31597732],[0.76229508 0.33599893],
[0.75788146 0.35602053],[0.75346784 0.37604214],[0.74905422 0.39606374],
[0.74464061 0.41608535],[0.74022699 0.43610695],[0.73581337 0.45612855],
[-0.26860025  0.47615016],[-0.27301387  0.49617176],[-0.27742749  0.51619337],
[-0.28184111  0.53621497],[-0.28625473  0.55623658],[-0.29066835  0.57625818],
[-0.29508197  0.59627979],[-0.29949559  0.61630139],[-0.30390921  0.636323  ],
[-0.30832282  0.6563446 ],[-0.31273644  0.6763662 ],[-0.31715006  0.69638781],
[-0.32156368  0.71640941],[-0.3259773   0.73643102],[-0.33039092  0.75645262],
[-0.33480454  0.77647423],[-0.33921816  0.79649583],[-0.34363178  0.81651744],
[-0.3480454   0.83653904],[-0.35245902  0.85656065],[0.14312736 0.01055685],
[0.13871375 0.03057845],[0.13430013 0.05060006],[0.12988651 0.07062166],
[0.12547289 0.09064326],[0.12105927 0.11066487],[0.11664565 0.13068647],
[0.11223203 0.15070808],[0.10781841 0.17072968],[0.10340479 0.19075129],
[0.09899117 0.21077289],[0.09457755 0.2307945 ],[0.09016393 0.2508161 ],
[0.08575032 0.27083771],[0.0813367  0.29085931],[0.07692308 0.31088091],
[0.07250946 0.33090252],[0.06809584 0.35092412],[0.06368222 0.37094573],
[0.0592686  0.39096733],[0.05485498 0.41098894],[0.05044136 0.43101054],
[0.04602774 0.45103215],[0.04161412 0.47105375],[0.0372005  0.49107536],
[0.03278689 0.51109696],[0.02837327 0.53111856],[0.02395965 0.55114017],
[0.01954603 0.57116177],[0.01513241 0.59118338],[0.01071879 0.61120498],
[0.00630517 0.63122659],[0.00189155 0.65124819],[-0.00252207  0.6712698 ],
[-0.00693569  0.6912914 ],[-0.01134931  0.71131301],[-0.01576293  0.73133461],
[-0.02017654  0.75135621],[-0.02459016  0.77137782],[-0.02900378  0.79139942],
[-0.0334174   0.81142103],[-0.03783102  0.83144263],[-0.04224464  0.85146424],
[0.45334174 0.00546044],[0.44892812 0.02548204],[0.4445145  0.04550365],
[0.44010088 0.06552525],[0.43568726 0.08554686],[0.43127364 0.10556846],
[0.42686003 0.12559006],[0.42244641 0.14561167],[0.41803279 0.16563327],
[0.41361917 0.18565488],[0.40920555 0.20567648],[0.40479193 0.22569809],
[0.40037831 0.24571969],[0.39596469 0.2657413 ],[0.39155107 0.2857629 ],
[0.38713745 0.30578451],[0.38272383 0.32580611],[0.37831021 0.34582771],
[0.3738966  0.36584932],[0.36948298 0.38587092],[0.36506936 0.40589253],
[0.36065574 0.42591413],[0.35624212 0.44593574],[0.3518285  0.46595734],
[0.34741488 0.48597895],[0.34300126 0.50600055],[0.33858764 0.52602216],
[0.33417402 0.54604376],[0.3297604  0.56606536],[0.32534678 0.58608697],
[0.32093317 0.60610857],[0.31651955 0.62613018],[0.31210593 0.64615178],
[0.30769231 0.66617339],[0.30327869 0.68619499],[0.29886507 0.7062166 ],
[0.29445145 0.7262382 ],[0.29003783 0.74625981],[0.28562421 0.76628141],
[0.28121059 0.78630301],[0.27679697 0.80632462],[0.27238335 0.82634622],
[0.26796974 0.84636783],[7.63556116e-01 3.64029174e-04],[0.7591425  0.02038563],
[0.75472888 0.04040724],[0.75031526 0.06042884],[0.74590164 0.08045045],
[0.74148802 0.10047205],[0.7370744  0.12049366],[0.73266078 0.14051526],
[0.72824716 0.16053687],[0.72383354 0.18055847],[0.71941992 0.20058007],
[0.71500631 0.22060168],[0.71059269 0.24062328],[0.70617907 0.26064489],
[0.70176545 0.28066649],[0.69735183 0.3006881 ],[0.69293821 0.3207097 ],
[0.68852459 0.34073131],[0.68411097 0.36075291],[0.67969735 0.38077452],
[0.67528373 0.40079612],[0.67087011 0.42081772],[0.66645649 0.44083933],
[0.66204288 0.46086093],[0.65762926 0.48088254],[0.65321564 0.50090414],
[0.64880202 0.52092575],[0.6443884  0.54094735],[0.63997478 0.56096896],
[0.63556116 0.58099056],[0.63114754 0.60101217],[0.62673392 0.62103377],
[0.6223203  0.64105537],[0.61790668 0.66107698],[-0.38650694  0.68109858],
[-0.39092055  0.70112019],[-0.39533417  0.72114179],[-0.39974779  0.7411634 ],
[-0.40416141  0.761185  ],[-0.40857503  0.78120661],[-0.41298865  0.80122821],
[-0.41740227  0.82124982],[-0.42181589  0.84127142],[-0.42622951  0.86129302],
[0.06935687 0.01528923],[0.06494325 0.03531083],[0.06052963 0.05533243],
[0.05611602 0.07535404],[0.0517024  0.09537564],[0.04728878 0.11539725],
[0.04287516 0.13541885],[0.03846154 0.15544046],[0.03404792 0.17546206],
[0.0296343  0.19548367],[0.02522068 0.21550527],[0.02080706 0.23552688],
[0.01639344 0.25554848],[0.01197982 0.27557008],[0.0075662  0.29559169],
[0.00315259 0.31561329],[-0.00126103  0.3356349 ],[-0.00567465  0.3556565 ],
[-0.01008827  0.37567811],[-0.01450189  0.39569971],[-0.01891551  0.41572132],
[-0.02332913  0.43574292],[-0.02774275  0.45576453],[-0.03215637  0.47578613],
[-0.03656999  0.49580773],[-0.04098361  0.51582934],[-0.04539723  0.53585094],
[-0.04981084  0.55587255],[-0.05422446  0.57589415],[-0.05863808  0.59591576],
[-0.0630517   0.61593736],[-0.06746532  0.63595897],[-0.07187894  0.65598057],
[-0.07629256  0.67600218],[-0.08070618  0.69602378],[-0.0851198   0.71604538],
[-0.08953342  0.73606699],[-0.09394704  0.75608859],[-0.09836066  0.7761102 ],
[-0.10277427  0.7961318 ],[-0.10718789  0.81615341],[-0.11160151  0.83617501],
[-0.11601513  0.85619662],[0.37957125 0.01019282],[0.37515763 0.03021442],
[0.37074401 0.05023603],[0.36633039 0.07025763],[0.36191677 0.09027924],
[0.35750315 0.11030084],[0.35308953 0.13032244],[0.34867591 0.15034405],
[0.3442623  0.17036565],[0.33984868 0.19038726],[0.33543506 0.21040886],
[0.33102144 0.23043047],[0.32660782 0.25045207],[0.3221942  0.27047368],
[0.31778058 0.29049528],[0.31336696 0.31051689],[0.30895334 0.33053849],
[0.30453972 0.35056009],[0.3001261 0.3705817],[0.29571248 0.3906033 ],
[0.29129887 0.41062491],[0.28688525 0.43064651],[0.28247163 0.45066812],
[0.27805801 0.47068972],[0.27364439 0.49071133],[0.26923077 0.51073293],
[0.26481715 0.53075453],[0.26040353 0.55077614],[0.25598991 0.57079774],
[0.25157629 0.59081935],[0.24716267 0.61084095],[0.24274905 0.63086256],
[0.23833544 0.65088416],[0.23392182 0.67090577],[0.2295082  0.69092737],
[0.22509458 0.71094898],[0.22068096 0.73097058],[0.21626734 0.75099218],
[0.21185372 0.77101379],[0.2074401  0.79103539],[0.20302648 0.811057  ],
[0.19861286 0.8310786 ],[0.19419924 0.85110021],[0.68978562 0.00509641],
[0.68537201 0.02511801],[0.68095839 0.04513962],[0.67654477 0.06516122],
[0.67213115 0.08518283],[0.66771753 0.10520443],[0.66330391 0.12522604],
[0.65889029 0.14524764],[0.65447667 0.16526924],[0.65006305 0.18529085],
[0.64564943 0.20531245],[0.64123581 0.22533406],[0.63682219 0.24535566],
[0.63240858 0.26537727],[0.62799496 0.28539887],[0.62358134 0.30542048],
[0.61916772 0.32544208],[0.6147541  0.34546369],[0.61034048 0.36548529],
[0.60592686 0.38550689],[0.60151324 0.4055285 ],[0.59709962 0.4255501 ],
[0.592686   0.44557171],[0.58827238 0.46559331],[0.58385876 0.48561492],
[0.57944515 0.50563652],[0.57503153 0.52565813],[0.57061791 0.54567973],
[0.56620429 0.56570134],[0.56179067 0.58572294],[0.55737705 0.60574454],
[0.55296343 0.62576615],[0.54854981 0.64578775],[0.54413619 0.66580936],
[0.53972257 0.68583096],[0.53530895 0.70585257],[0.53089533 0.72587417],
[0.52648172 0.74589578],[0.5220681  0.76591738],[0.51765448 0.78593899],
[0.51324086 0.80596059],[0.50882724 0.82598219],[0.50441362 0.8460038 ],

