[0.11111111,0.73702773],[0.27777777,0.18425693],[-0.0555555,1.28979852],
[-0.1111111,0.36851386],[-0.2777777,0.92128466],[-0.4444444,1.47405546],
[0.55555555,0.36851386],[0.38888888,0.92128466],[0.22222222,1.47405546],
[0.33333333,0.0],[0.16666666,0.55277079],[0.0,1.10554159],
[-0.0555555,0.18425693],[-0.3888888,1.28979852],[-0.2222222,0.73702773],
[0.61111111,0.18425693],[0.44444444,0.73702773],[0.27777777,1.28979852],
[0.22222222,0.36851386],[0.05555555,0.92128466],[-0.1111111,1.47405546],
[0.0,0.0],[-0.1666666,0.55277079],[-0.3333333,1.10554159],
[0.66666666,0.0],[0.33333333,1.10554159],[0.5,0.55277079],

