[-0.2685185,1.25908904],[-0.2129629,1.62760290],[-0.3518518,1.53547443],
[0.16666666,1.10554159],[0.22222222,1.47405546],[0.08333333,1.38192699],
[0.62962962,0.30709488],[0.68518518,0.67560875],[0.54629629,0.58348028],
[0.60185185,0.95199415],[0.46296296,0.85986568],[0.51851851,1.22837955],
[0.37962962,1.13625108],[0.92592592,0.06141897],[0.0,0.0],
[0.13888888,0.09212846],[0.43518518,1.50476495],[0.29629629,1.41263648],
[0.84259259,0.33780437],[-0.0833333,0.27638539],[0.05555555,0.36851386],
[0.75925925,0.61418977],[-0.0277777,0.64489926],[-0.1388888,1.56618392],
[0.67592592,0.89057517],[0.35185185,0.12283795],[0.24074074,1.04412261],
[0.15740740,1.32050801],[0.07407407,1.59689341],[-0.1666666,0.55277079],
[-0.1111111,0.92128466],[-0.25,0.82915619],[0.59259259,1.16696057],
[-0.3333333,1.10554159],[0.21296296,0.03070948],[-0.1944444,1.19767006],
[0.50925925,1.44334597],[0.26851851,0.39922335],[0.12962962,0.30709488],
[-0.0092592,0.21496642],[-0.4166666,1.38192699],[-0.2777777,1.47405546],
[0.18518518,0.67560875],[0.04629629,0.58348028],[-0.0925925,0.49135182],
[0.10185185,0.95199415],[-0.0370370,0.85986568],[-0.1759259,0.76773721],
[0.70370370,0.24567591],[0.56481481,0.15354744],[0.42592592,0.06141897],
[-0.1203703,1.13625108],[0.01851851,1.22837955],[0.62037037,0.52206130],
[0.48148148,0.42993284],[0.34259259,0.33780437],[-0.0648148,1.50476495],
[0.53703703,0.79844670],[0.39814814,0.70631824],[0.45370370,1.07483210],
[0.77777777,0.18425693],[0.28703703,1.62760290],[-0.2592592,1.04412261],
[-0.2037037,1.41263648],[-0.3425925,1.32050801],[0.20370370,0.24567591],
[0.06481481,0.15354744],[0.25925925,0.61418977],[0.12037037,0.52206130],
[-0.0185185,0.42993284],[-0.4259259,1.59689341],[0.31481481,0.98270364],
[0.17592592,0.89057517],[0.03703703,0.79844670],[-0.1018518,0.70631824],
[0.37037037,1.35121750],[0.23148148,1.25908904],[0.09259259,1.16696057],
[0.63888888,0.09212846],[0.5,0.0],[-0.1851851,0.98270364],
[-0.0462962,1.07483210],[0.69444444,0.46064233],[0.55555555,0.36851386],
[0.41666666,0.27638539],[-0.1296296,1.35121750],[0.00925925,1.44334597],
[0.14814814,1.53547443],[0.47222222,0.64489926],[0.33333333,0.55277079],
[0.61111111,0.73702773],[0.52777777,1.01341313],[0.38888888,0.92128466],
[0.25,0.82915619],[0.44444444,1.28979852],[0.30555555,1.19767006],
[0.85185185,0.12283795],[0.71296296,0.03070948],[0.36111111,1.56618392],
[0.76851851,0.39922335],[0.27777777,0.18425693],[0.19444444,0.46064233],
[0.11111111,0.73702773],[0.02777777,1.01341313],[-0.0555555,1.28979852],
[0.49074074,0.21496642],[0.40740740,0.49135182],[0.32407407,0.76773721],

