[0.51555556 1.07606049],[0.5       0.5527708],[0.48       0.35377331],
[0.38666667 1.63620156],[0.37111111 1.11291187],[0.30222222 1.16450382],
[0.26666667 0.44221664],[0.15777778 1.2013552 ],[0.72444444 0.20636776],
[0.13777778 1.00235771],[0.05333333 0.53065997],[0.00888889 1.56249879],
[0.51111111 0.29481109],[-0.07555556  1.09080104],[0.38222222 0.85495217],
[0.36666667 0.33166248],[-0.16        0.61910329],[-0.20444444  1.65094212],
[0.34666667 0.13266499],[0.25333333 1.41509324],[0.29777778 0.38325442],
[-0.28888889  1.17924437],[0.16888889 0.9433955 ],[0.13333333 0.22110832],
[0.04       1.50353657],[0.08444444 0.47169775],[0.82666667 0.4864383 ],
[0.00444444 0.7812494 ],[-0.04444444  1.03183882],[-0.08        0.30955165],
[-0.12444444  1.34139047],[0.37777778 0.07370277],[-0.17333333  1.5919799 ],
[-0.20888889  0.86969272],[0.24888889 0.63384385],[0.48444444 1.13502271],
[-0.33777778  1.4298338 ],[0.16444444 0.1621461 ],[0.90666667 0.17688666],
[0.03555556 0.72228718],[0. 0.],[-0.04888889  0.25058943],
[0.69333333 0.26532998],[-0.12888889  0.56014108],[-0.17777778  0.8107305 ],
[0.58       1.34876075],[0.56444444 0.82547106],[0.43555556 1.38561213],
[0.35111111 0.91391439],[0.22222222 1.47405546],[0.78888889 0.47906803],
[0.64444444 0.51591941],[0.57555556 0.56751135],[0.56       0.04422166],
[0.44666667 1.12765243],[0.43111111 0.60436274],[0.36222222 0.65595468],
[0.23333333 1.21609576],[0.21777778 0.69280607],[0.08888889 1.25294714],
[0.65555556 0.25795971],[0.02       1.30453908],[0.44222222 0.34640303],
[-0.19333333  1.39298241],[0.31333333 0.90654411],[0.27777778 0.18425693],
[0.22888889 0.43484636],[0.1        0.99498744],[0.06444444 0.27270026],
[-0.02888889  1.55512851],[0.52222222 0.03685139],[0.01555556 0.52328969],
[0.75777778 0.53803024],[-0.06444444  0.83284134],[-0.11333333  1.08343076],
[0.62888889 1.09817132],[-0.13333333  0.88443328],[-0.24222222  1.64357184],
[0.30888889 0.12529471],[-0.32666667  1.17187409],[-0.27777778  0.92128466],
[0.18       0.68543579],[0.41555556 1.18661465],[-0.40666667  1.48142574],
[0.09555556 0.21373804],[0.83777778 0.2284786 ],[0.07555556 0.01474055],
[-0.03333333  0.77387912],[0.70888889 0.78861967],[0.66      1.0392091],
[-0.16222222  1.33402019],[0.62444444 0.31692192],[-0.24666667  0.86232245],
[0.51111111 1.40035269],[0.49555556 0.877063  ],[-0.37555556  1.42246352],
[0.36666667 1.43720408],[0.86888889 0.16951638],[0.29777778 1.48879602],
[0.28222222 0.96550633],[0.04666667 0.46432747],[0.74       0.72965745],
[0.15333333 1.5256474 ],[0.70444444 0.00737028],[0.72       0.53065997],
[-0.16666667  0.5527708 ],[0.63555556 0.05896222],[0.08444444 1.57723934],
[0.52666667 0.81810078],[-0.29555556  1.11291187],[0.50666667 0.61910329],
[0.49111111 0.09581361],[-0.06        1.61409073],[0.37777778 1.17924437],
[0.29333333 0.70754662],[0.18444444 1.46668519],[0.16444444 1.2676877 ],
[0.14888889 0.74439801],[0.08       0.79598995],[0.58666667 0.30955165],
[-0.04888889  1.35613103],[0.37333333 0.39799497],[-0.26222222  1.44457435],
[0.24444444 0.95813605],[0.16      0.4864383],[0.03111111 1.04657938],
[-0.05333333  0.57488163],[-0.09777778  1.60672045],[0.45333333 0.08844333],
[-0.18222222  1.13502271],[-0.20222222  0.93602522],[0.24       0.17688666],
[0.11111111 0.73702773],[0.91333333 0.24321915],[0.02666667 0.26532998],
[0.76888889 0.28007054],[-0.10222222  0.82547106],[0.64       0.84021161],
[0.59111111 1.09080104],[-0.23111111  1.38561213],[0.57111111 0.89180355],
[0.55555556 0.36851387],[0.46222222 1.65094212],[-0.3         1.43720408],
[0.44222222 1.45194463],[0.42666667 0.92865494],[-0.44444444  1.47405546],
[0.35777778 0.98024688],[0.8        0.22110832],[0.22888889 1.54038796],
[0.78       0.02211083],[0.21333333 1.01709827],[0.67111111 0.7812494 ],
[-0.09111111  0.56751135],[0.54222222 1.34139047],[0.01555556 1.62883129],
[0.56666667 0.11055416],[0.45777778 0.86969272],[0.43777778 0.67069524],
[0.42222222 0.14740555],[0.32888889 1.4298338 ],[0.35333333 0.19899749],
[0.30888889 1.23083631],[0.75111111 0.47169775],[0.22444444 0.75913856],
[0.11555556 1.51827713],[0.66666667 0.        ],[0.14       0.28744082],
[0.09555556 1.31927964],[0.53777778 0.56014108],[0.01111111 0.84758189],
[-0.11777778  1.40772297],[0.32444444 0.6485844 ],[0.30444444 0.44958692],
[-0.33111111  1.49616629],[0.17555556 1.00972799],[0.09111111 0.53803024],
[-0.01777778  1.29716881],[0.00666667 0.0663325 ],[-0.03777778  1.09817132],
[-0.12222222  0.62647357],[-0.25111111  1.18661465],[0.17111111 0.2284786 ],
[0.04222222 0.78861967],[0.84444444 0.29481109],[-0.04222222  0.31692192],
[0.65111111 0.58225191],[-0.17111111  0.877063  ],[0.63111111 0.38325442],
[0.52222222 1.14239298],[0.50222222 0.9433955 ],[-0.36888889  1.48879602],
[0.41777778 0.47169775],[0.03777778 0.00737028],[0.28888889 1.03183882],
[0.74666667 0.79598995],[0.73111111 0.27270026],[0.16      1.5919799],
[0.71111111 0.07370277],[0.60222222 0.83284134],[0.07555556 1.12028215],
[0.51777778 0.36114359],[0.47333333 1.39298241],[0.49777778 0.1621461 ],
[0.40444444 1.44457435],[0.38888889 0.92128466],[-0.13777778  1.20872548],
[0.36888889 0.72228718],[0.26       1.48142574],[0.28444444 0.25058943],
[0.19111111 1.53301768],[0.74222222 0.01474055],[0.15555556 0.8107305 ],
[0.61333333 0.57488163],[0.59777778 0.05159194],[0.04666667 1.56986907],
[0.07111111 0.33903276],[0.02666667 1.37087158],[0.52888889 0.10318388],
[-0.05777778  0.89917383],[0.4        0.66332496],[0.38444444 0.14003527],
[-0.18666667  1.45931491],[0.27111111 1.22346603],[0.25555556 0.70017634],
[-0.27111111  0.98761716],[0.18666667 0.75176829],[0.23555556 0.50117886],
[-0.4         1.54775824],[0.15111111 0.02948111],[0.05777778 1.31190936],
[0.02222222 0.58962218],[-0.02666667  0.84021161],[0.71555556 0.85495217],
[-0.10666667  1.14976326],[-0.15555556  1.40035269],[-0.19111111  0.67806551],
[-0.32        1.23820659],[0.37333333 1.50353657],[0.10222222 0.28007054],
[0.79555556 0.54540052],[0.03333333 0.33166248],[-0.11111111  0.36851387],
[0.58222222 0.63384385],[-0.24        0.92865494],[0.45333333 1.19398492],
[0.87555556 0.23584887],[0.24       1.28242825],[0.67777778 0.84758189],
[0.66222222 0.3242922 ],[0.64222222 0.12529471],[0.53333333 0.88443328],
[0.46444444 0.93602522],[0.44888889 0.41273553],[0.42888889 0.21373804],
[0.33555556 1.49616629],[0.32       0.97287661],[0.3        0.77387912],
[0.25111111 1.02446855],[0.21555556 0.30218137],[0.12222222 1.58460962],
[0.67333333 0.0663325 ],[0.10666667 1.06131993],[0.08666667 0.86232245],
[0.54444444 0.62647357],[-0.02222222  1.62146101],[0.00222222 0.3906247 ],
[-0.04222222  1.42246352],[0.46       0.15477582],[-0.12666667  0.95076577],
[0.33111111 0.7149169 ],[0.31555556 0.19162721],[-0.25555556  1.51090685],
[0.24666667 0.24321915],[0.20222222 1.27505797],[0.16666667 0.5527708 ],
[0.11777778 0.80336023],[-0.46888889  1.59935018],[0.08222222 0.08107305],
[-0.01111111  1.3635013 ],[-0.04666667  0.64121413],[-0.09555556  0.89180355],
[0.41111111 0.40536525],[0.64666667 0.90654411],[-0.17555556  1.2013552 ],
[-0.22444444  1.45194463],[0.51777778 1.46668519],[-0.24444444  1.25294714],
[0.19777778 0.49380858],[-0.38888889  1.28979853],[0.11333333 0.02211083],
[-0.43777778  1.54038796],[0.30444444 1.55512851],[0.85555556 0.03685139],
[0.06888889 1.05394966],[-0.01555556  0.58225191],[0.72666667 0.59699246],
[-0.03555556  0.38325442],[-0.14444444  1.14239298],[0.59777778 1.15713354],
[0.54888889 1.40772297],[0.51333333 0.68543579],[-0.35777778  1.23083631],
[0.38444444 1.24557687],[0.80666667 0.28744082],[0.17111111 1.33402019],
[0.73777778 0.33903276],[0.60888889 0.89917383],[0.59333333 0.37588414],
[0.52444444 0.42747608],[0.39555556 0.98761716],[0.38       0.46432747],
[0.26666667 1.54775824],[0.18222222 1.07606049],[0.05333333 1.63620156],
[0.03777778 1.11291187],[0.60444444 0.11792444],[-0.03111111  1.16450382],
[0.47555556 0.67806551],[0.39111111 0.20636776],[0.26222222 0.76650884],
[0.17777778 0.29481109],[0.13333333 1.32664992],[0.09777778 0.60436274],
[0.04888889 0.85495217],[-0.08        1.41509324],[-0.11555556  0.69280607],
[-0.16444444  0.9433955 ],[0.34222222 0.45695719],[0.57777778 0.95813605],
[-0.29333333  1.50353657],[0.44888889 1.51827713],[-0.31333333  1.30453908],
[0.12888889 0.54540052],[0.04444444 0.07370277],[0.        1.1055416],
[0.80222222 0.61173302],[0.78666667 0.08844333],[0.23555556 1.60672045],
[-0.08444444  0.63384385],[0.65777778 0.6485844 ],[-0.21333333  1.19398492],
[0.57333333 0.17688666],[0.52888889 1.20872548],[0.48       1.45931491],
[0.46       1.26031742],[0.44444444 0.73702773],[0.20888889 0.23584887],
[0.31555556 1.29716881],[0.81777778 0.02948111],[0.24666667 1.34876075],
[-0.00444444  0.3242922 ],[0.68888889 0.58962218],[0.10222222 1.38561213],
[0.66888889 0.3906247 ],[0.56       1.14976326],[0.45555556 0.47906803],
[0.34666667 1.23820659],[0.32666667 1.0392091 ],[0.31111111 0.51591941],
[0.24222222 0.56751135],[0.19777778 1.59935018],[0.11333333 1.12765243],
[0.02888889 0.65595468],[0.53555556 0.16951638],[-0.1         1.21609576],
[0.32222222 0.25795971],[0.19333333 0.81810078],[0.10888889 0.34640303],
[0.06444444 1.37824186],[-0.02        0.90654411],[-0.10444444  0.43484636],
[-0.14888889  1.46668519],[-0.23333333  0.99498744],[0.52444444 1.53301768],
[-0.36222222  1.55512851],[0.18888889 0.03685139],[0.88222222 0.30218137],
[0.06       0.59699246],[-0.02444444  0.12529471],[-0.06888889  1.15713354],
[0.73333333 0.66332496],[-0.15333333  0.68543579],[0.58888889 0.70017634],
[0.54       0.95076577],[-0.28222222  1.24557687],[0.52       0.75176829],
[0.41111111 1.51090685],[0.39111111 1.31190936],[0.37555556 0.78861967],
[0.30666667 0.84021161],[0.74888889 0.08107305],[0.17777778 1.40035269],
[0.16222222 0.877063  ],[0.63555556 1.16450382],[0.62       0.64121413],
[-0.07333333  0.37588414],[0.03333333 1.43720408],[0.6        0.44221664],
[0.49111111 1.2013552 ],[-0.03555556  1.48879602],[0.40666667 0.72965745],
[0.38666667 0.53065997],[0.37111111 0.00737028],[0.27777778 1.28979853],
[-0.24888889  1.57723934],[0.30222222 0.05896222],[0.25777778 1.09080104],
[0.7        0.33166248],[0.17333333 0.61910329],[0.04444444 1.17924437],
[0.48666667 0.42010581],[-0.04        0.70754662],[0.46666667 0.22110832],
[-0.16888889  1.2676877 ],[0.27333333 0.50854913],[0.25333333 0.30955165],
[0.14444444 1.06869021],[-0.38222222  1.35613103],[0.12444444 0.86969272],
[0.04       0.39799497],[-0.08888889  0.95813605],[0.60444444 1.22346603],
[-0.21777778  1.51827713],[0.33333333 0.        ],[-0.30222222  1.04657938],
[-0.43111111  1.60672045],[0.12       0.08844333],[0.81333333 0.35377331],
[-0.00888889  0.6485844 ],[0.68444444 0.91391439],[-0.07777778  0.70017634],
[-0.22222222  0.73702773],[0.47111111 1.00235771],[-0.35111111  1.29716881],
[0.34222222 1.56249879],[0.89333333 0.04422166],[0.32222222 1.3635013 ],
[0.76444444 0.60436274],[0.12888889 1.65094212],[0.68       0.13266499],
[0.10888889 1.45194463],[0.56666667 1.21609576],[0.55111111 0.69280607],
[0.53111111 0.49380858],[0.42222222 1.25294714],[-0.10444444  1.54038796],
[0.44666667 0.02211083],[0.35333333 1.30453908],[0.33777778 0.7812494 ],
[0.31777778 0.58225191],[0.20888889 1.34139047],[0.77555556 0.34640303],
[-0.31777778  1.62883129],[0.23333333 0.11055416],[0.18888889 1.14239298],
[0.14       1.39298241],[0.10444444 0.67069524],[-0.00444444  1.4298338 ],
[0.56222222 0.43484636],[-0.02444444  1.23083631],[0.43333333 0.99498744],
[-0.10888889  0.75913856],[0.39777778 0.27270026],[0.34888889 0.52328969],
[-0.23777778  1.31927964],[0.22       1.08343076],[0.20444444 0.56014108],
[0.13555556 0.61173302],[0.18444444 0.36114359],[0.09111111 1.64357184],
[0.00666667 1.17187409],[0.05555556 0.92128466],[-0.02888889  0.44958692],
[-0.20666667  1.26031742],[-0.15777778  1.00972799],[0.53555556 1.27505797],
[-0.28666667  1.56986907],[0.26444444 0.05159194],[-0.35555556  1.62146101],
[0.05111111 0.14003527],[0.74444444 0.40536525],[0.61555556 0.96550633],
[-0.14666667  0.75176829],[0.48666667 1.5256474 ],[0.96888889 0.05896222],
[0.40222222 1.05394966],[0.27333333 1.61409073],[0.82444444 0.09581361],
[0.69555556 0.65595468],[0.62666667 0.70754662],[0.61111111 0.18425693],
[0.49777778 1.2676877 ],[0.48222222 0.74439801],[0.41333333 0.79598995],
[0.28444444 1.35613103],[0.26888889 0.83284134],[0.12       1.19398492],
[0.07111111 1.44457435],[-0.07333333  1.48142574],[0.49333333 0.4864383 ],
[-0.09333333  1.28242825],[0.40888889 0.01474055],[-0.14222222  1.53301768],
[0.36444444 1.04657938],[0.28       0.57488163],[-0.30666667  1.37087158],
[0.19555556 0.10318388],[0.15111111 1.13502271],[0.93777778 0.11792444],
[0.06666667 0.66332496],[0.11555556 0.41273553],[-0.06222222  1.22346603],
[-0.01333333  0.97287661],[-0.09777778  0.50117886],[0.36       0.26532998],
[0.59555556 0.76650884],[-0.27555556  1.31190936],[-0.22666667  1.06131993],
[0.23111111 0.82547106],[0.46666667 1.32664992],[0.14666667 0.35377331],
[0.01777778 0.91391439],[-0.01777778  0.19162721],[-0.11111111  1.47405546],
[0.69111111 0.98024688],[-0.06666667  0.44221664],[0.67555556 0.45695719],
[-0.19555556  1.00235771],[0.54666667 1.01709827],[-0.32444444  1.56249879],
[0.22666667 0.04422166],[0.46222222 0.54540052],[0.41777778 1.57723934],
[0.34888889 1.62883129],[0.33333333 1.1055416 ],[0.9        0.11055416],
[0.01333333 0.13266499],[0.75555556 0.14740555],[0.70666667 0.39799497],
[0.68666667 0.19899749],[0.55777778 0.75913856],[0.54222222 0.23584887],
[0.47333333 0.28744082],[0.34444444 0.84758189],[0.32888889 0.3242922 ],
[0.21555556 1.40772297],[0.2        0.88443328],[0.13111111 0.93602522],
[0.00222222 1.49616629],[-0.08222222  1.02446855],[0.42444444 0.53803024],
[-0.21111111  1.58460962],[0.34      0.0663325],[0.21111111 0.62647357],
[0.12666667 0.15477582],[0.08222222 1.18661465],[-0.00222222  0.7149169 ],
[-0.02222222  0.51591941],[-0.13111111  1.27505797],[-0.21555556  0.80336023],
[0.29111111 0.31692192],[-0.34444444  1.3635013 ],[0.39777778 1.37824186],
[0.07777778 0.40536525],[0.77111111 0.67069524],[0.82       0.42010581],
[-0.05111111  0.96550633],[-0.13555556  0.49380858],[-0.18       1.5256474],
[0.62222222 1.03183882],[0.60666667 0.50854913],[-0.26444444  1.05394966],
[0.42888889 1.31927964],[0.47777778 1.06869021],[-0.39333333  1.61409073],
[0.40888889 1.12028215],[0.39333333 0.59699246],[0.15777778 0.09581361],
[0.85111111 0.36114359],[0.08888889 0.14740555],[0.26444444 1.15713354],
[0.83111111 0.1621461 ],[0.19555556 1.20872548],[-0.05555556  0.18425693],
[0.63777778 0.44958692],[-0.18444444  0.74439801],[0.05111111 1.24557687],
[0.61777778 0.25058943],[0.50888889 1.00972799],[0.48888889 0.8107305 ],
[0.38       1.56986907],[0.93111111 0.05159194],[0.40444444 0.33903276],
[0.29555556 1.09817132],[0.27555556 0.89917383],[0.26       0.37588414],
[0.71777778 0.14003527],[0.19111111 0.42747608],[0.14666667 1.45931491],
[0.06222222 0.98761716],[0.50444444 0.2284786 ],[-0.06666667  1.54775824],
[0.48444444 0.02948111],[-0.15111111  1.07606049],[0.35555556 0.58962218],
[-0.28        1.63620156],[0.27111111 0.11792444],[0.14222222 0.67806551],
[0.05777778 0.20636776],[0.01333333 1.23820659],[-0.07111111  0.76650884],
[-0.2         1.32664992],[0.49333333 1.5919799 ],[0.22222222 0.36851387],
[-0.41333333  1.41509324],[0.00888889 0.45695719],[0.70222222 0.72228718],
[-0.12        1.01709827],[0.68222222 0.52328969],[0.57333333 1.28242825],
[-0.18888889  1.06869021],[0.55333333 1.08343076],[-0.33333333  1.1055416 ],
[0.46888889 0.61173302],[0.36       1.37087158],[0.34       1.17187409],
[0.78222222 0.41273553],[0.02       0.19899749],[0.65333333 0.97287661],
[0.12666667 1.26031742],[0.56888889 0.50117886],[0.54888889 0.30218137],
[0.45555556 1.58460962],[0.44       1.06131993],[-0.08666667  1.34876075],
[0.42       0.86232245],[0.31111111 1.62146101],[0.86222222 0.10318388],
[0.33555556 0.3906247 ],[0.22666667 1.14976326],[0.79333333 0.15477582],
[0.20666667 0.95076577],[0.66444444 0.7149169 ],[0.64888889 0.19162721],
[0.12222222 0.47906803],[0.07777778 1.51090685],[0.58       0.24321915],
[-0.00666667  1.0392091 ],[0.45111111 0.80336023],[0.43555556 0.28007054],
[-0.13555556  1.59935018],[0.41555556 0.08107305],[-0.22        1.12765243],
[0.28666667 0.64121413],[0.23777778 0.89180355],[0.20222222 0.16951638],
[0.09333333 0.92865494],[0.07333333 0.72965745],[0.02444444 0.98024688],
[-0.01111111  0.25795971],[-0.05555556  1.28979853],[-0.14        0.81810078],
[-0.26888889  1.37824186],[0.42444444 1.64357184],[0.15333333 0.42010581],
[0.76222222 0.21373804],[-0.06        0.50854913],[0.63333333 0.77387912],
[0.50444444 1.33402019],[-0.25777778  1.12028215],[0.29111111 1.42246352],
[0.85777778 0.42747608],[0.71333333 0.46432747],[0.58444444 1.02446855],

