[0.10035842,1.50215329],[0.65232974,0.71865607],[0.46236559,1.17038274],
[0.31899641,1.52268632],[0.50896057,1.07095965],[-0.2222222,0.93803529],
[-0.3655913,1.29033887],[0.18637992,0.50684165],[0.42114695,1.64102142],
[0.43189964,0.27287317],[0.09856630,1.07690342],[0.28853046,0.62517674],
[-0.0448028,1.42920700],[0.50716845,0.64570977],[-0.0698924,0.29989031],
[0.69713261,0.19398310],[0.36379928,0.99801335],[0.91577060,0.21451613],
[0.05734767,1.54754209],[0.60931899,0.76404487],[0.22043010,1.35031693],
[0.77240143,0.56681971],[0.43906810,1.37084996],[0.46594982,1.11634845],
[-0.2652329,0.98342409],[0.32258064,1.46865203],[0.14336917,0.55223045],
[0.54121863,1.48918506],[0.0,0.90453403],[0.55197132,0.12103681],
[0.24551971,0.67056555],[0.40860215,0.47334039],[0.10215053,1.02286913],
[0.65412186,0.23937190],[0.32078853,1.04340216],[-0.0931899,0.50035753],
[0.51075268,0.59167548],[0.87275985,0.25990494],[0.17741935,1.39570574],
[0.36738351,0.94397906],[0.75627240,0.35770700],[0.91935483,0.16048184],
[0.72939068,0.61220851],[0.39605734,1.41623877],[0.58602150,0.96451209],
[0.27956989,1.51404083],[0.29032258,0.14589258],[-0.0430107,0.94992283],
[0.50896057,0.16642561],[0.54480286,1.43515077],[-0.1863799,1.30222641],
[0.36559139,0.51872919],[-0.3297491,1.65452999],[0.22222222,0.87103277],
[0.77419354,0.08753555],[0.46774193,0.63706429],[0.13440860,1.44109454],
[0.32437275,0.98936787],[0.87634408,0.20587064],[0.68637992,0.65759732],
[0.29749103,1.24386938],[0.18100358,1.34167144],[0.73297491,0.55817422],
[0.54301075,1.00990090],[0.00179211,0.42524987],[0.39964157,1.36220447],
[-0.1415770,0.77755344],[0.24731182,0.19128139],[0.64516129,1.12823599],
[-0.4749103,1.58158370],[0.50179211,1.48053957],[-0.0663082,1.15039005],
[-0.2293906,1.34761522],[0.51254480,0.11239132],[0.32258064,0.56411799],
[0.17921146,0.91642157],[0.36917562,0.46469490],[0.73118279,0.13292435],
[0.03584229,1.26872515],[0.58781362,0.48522793],[-0.1075268,1.62102873],
[0.44444444,0.83753151],[0.25448028,1.28925818],[0.28136200,1.03475667],
[0.83333333,0.25125945],[0.11111111,1.64156176],[0.66308243,0.85806454],
[0.13799283,1.38706025],[0.68996415,0.60356303],[-0.0412186,0.47063867],
[0.35663082,1.40759328],[0.54659498,0.95586661],[-0.1845878,0.82294225],
[0.36738351,0.03944503],[0.40322580,1.30817018],[-0.3279569,1.17524583],
[0.22401433,0.39174861],[-0.1093189,1.19577886],[0.46953405,0.15778013],
[-0.2526881,1.54808244],[0.29928315,0.76458521],[0.32616487,0.51008370],
[-0.0071684,1.31411396],[0.54480286,0.53061673],[0.73476702,0.07889006],
[0.21146953,1.33464699],[0.40143369,0.88292031],[0.59139784,0.43119364],
[0.95340501,0.09942309],[0.25806451,1.23522389],[0.81003584,0.45172667],
[0.62007168,0.90345334],[0.47670250,1.25575692],[0.50358422,1.00125541],
[-0.2275985,0.86833105],[0.33333333,1.60806050],[0.36021505,1.35355899],
[0.18100358,0.43713741],[0.57885304,1.37409202],[-0.1523297,1.24116766],
[0.03763440,0.78944099],[0.58960573,0.00594377],[-0.2956989,1.59347124],
[-0.1057347,1.14174457],[0.44623655,0.35824735],[0.25627240,0.80997402],
[0.11290322,1.16227760],[0.13978494,0.90777609],[0.69175627,0.12427886],
[0.66487455,0.37878038],[-0.0304659,1.51458118],[0.52150537,0.73108395],
[0.54838709,0.47658244],[0.35842293,0.92830912],[0.91039426,0.14481190],
[0.21505376,1.28061270],[0.40501792,0.82888602],[0.95698924,0.04538880],
[0.76702508,0.49711547],[0.07168458,1.63291627],[0.62365591,0.84941905],
[0.43369175,1.30114573],[0.08243727,0.26476802],[0.29032258,1.65344930],
[0.31720430,1.39894779],[0.48028673,1.20172263],[-0.2508960,1.06879827],
[0.32795698,0.03079954],[-0.0053763,0.83482979],[0.54659498,0.05133257],
[0.15770609,0.63760463],[-0.1487455,1.18713337],[0.40322580,0.40363615],
[-0.2921146,1.53943695],[0.25985663,0.75593973],[0.06989247,1.20766640],
[0.62186379,0.42416918],[-0.0734767,1.55996998],[0.11648745,1.10824331],
[0.50537634,0.52197125],[0.66845878,0.32474608],[0.47849462,0.77647276],
[0.33512544,1.12877634],[0.36200716,0.87427483],[0.91397849,0.09077760],
[0.88709677,0.34527912],[0.58064516,0.89480786],[0.77060931,0.44308118],
[0.03942652,0.31015683],[0.43727598,1.24711143],[-0.2939068,1.11418708],
[-0.1039426,0.66246040],[0.29390681,1.59941501],[-0.4372759,1.46649066],
[0.11469534,0.68299344],[-0.0286738,1.03529701],[0.52329749,0.25179979],
[-0.3351254,1.58482575],[0.21684587,0.80132853],[0.40681003,0.34960186],
[0.76881720,0.01783131],[-0.1164874,1.60535878],[0.07347670,1.15363211],
[0.62544802,0.37013489],[0.43548387,0.82186156],[0.04659498,1.40813362],
[-0.0698924,1.50593569],[0.48207885,0.72243847],[0.29211469,1.17416514],
[0.14874551,1.52646872],[0.70071684,0.74297150],[0.72759856,0.48846999],
[0.15949820,0.15832047],[-0.0035842,0.35554563],[0.39426523,1.29250024],
[0.55734767,1.09527508],[-0.1469534,0.70784921],[0.25089605,1.64480382],
[-0.2903225,1.06015279],[0.26164874,0.27665557],[0.07168458,0.72838224],
[-0.0716845,1.08068582],[0.11827956,0.62895914],[0.48028673,0.29718860],
[0.51612903,1.56591375],[-0.2150537,1.43298940],[0.33691756,0.64949217],
[0.36379928,0.39499066],[0.00358422,1.45352243],[0.19354838,1.00179575],
[0.74551971,0.21829853],[0.22043010,0.74729424],[0.03046594,1.19902092],
[0.58243727,0.41552369],[-0.1129032,1.55132449],[0.43906810,0.76782727],
[0.62903225,0.31610060],[0.10573476,1.57185752],[0.29569892,1.12013085],
[0.84767025,0.33663363],[0.65770609,0.78836030],[0.11648745,0.20370927],
[0.15232974,1.47243443],[0.70430107,0.68893721],[0.51433691,1.14066388],
[-0.0268817,0.55601285],[0.37096774,1.49296746],[-0.3333333,1.10554159],
[0.38172043,0.12481921],[0.21863799,0.32204437],[0.61648745,1.25899898],
[0.07526881,0.67434795],[0.47311827,1.61130256],[-0.2580645,1.47837820],
[-0.0681003,1.02665153],[0.48387096,0.24315431],[0.29390681,0.69488098],
[0.15053763,1.04718456],[0.70250896,0.26368734],[0.17741935,0.79268305],
[0.72939068,0.00918582],[0.34050179,0.59545788],[0.00716845,1.39948814],
[0.55913978,0.61599091],[0.58602150,0.36148940],[0.25268817,1.16551965],
[0.80465949,0.38202243],[0.10931899,1.51782323],[0.66129032,0.73432601],
[-0.0698924,0.60140166],[0.12007168,0.14967498],[0.32795698,1.53835626],
[0.51792114,1.08662959],[-0.2132616,0.95370523],[0.33870967,0.17020801],
[-0.3566308,1.30600881],[0.19534050,0.52251159],[-0.1379928,1.32654184],
[-0.1111111,1.07204033],[0.44086021,0.28854311],[0.27060931,0.89534820],
[-0.2544802,1.42434391],[0.29749103,0.64084669],[0.10752688,1.09257336],
[0.65949820,0.30907614],[-0.0358422,1.44487694],[0.15412186,0.99315027],
[0.70609318,0.20965304],[0.51612903,0.66137972],[0.37275985,1.01368330],
[0.92473118,0.23018608],[0.06630824,1.56321204],[0.61827956,0.77971482],
[0.22939068,1.36598688],[0.78136200,0.58248965],[0.07706093,0.19506379],
[0.47491039,1.13201839],[-0.2562724,0.99909404],[-0.0663082,0.54736736],
[0.29569892,0.21559682],[-0.0931899,0.80186888],[-0.3996415,1.35139762],
[-0.2096774,0.89967094],[0.34229390,0.11617372],[0.15232974,0.56790039],
[0.17921146,0.31339888],[-0.1810035,1.37193065],[0.00896057,0.92020397],
[0.56093189,0.13670675],[-0.2974910,1.46973271],[0.25448028,0.68623549],
[-0.1344086,1.27250755],[0.41756272,0.48901033],[0.08422939,1.29304058],
[0.11111111,1.03853907],[0.66308243,0.25504185],[-0.0322580,1.39084265],
[0.51971326,0.60734543],[0.32974910,1.05907210],[0.18637992,1.41137568],
[0.37634408,0.95964901],[0.92831541,0.17615178],[0.73835125,0.62787846],
[0.19713261,0.04322743],[0.59498207,0.98018204],[-0.1362007,0.84725768],
[-0.1093189,0.59275617],[-0.2795698,1.19956126],[-0.2526881,0.94505975],
[0.29928315,0.16156253],[0.27240143,0.41606404],[-0.0340501,0.96559278],
[0.15591397,0.51386610],[0.51792114,0.18209556],[-0.1774193,1.31789636],
[0.37455197,0.53439913],[0.56451612,0.08267246],[0.04121863,1.33842939],
[0.23118279,0.88670271],[0.78315412,0.10320549],[-0.0752688,1.43623145],
[0.47670250,0.65273423],[0.33333333,1.00503781],[0.88530465,0.22154059],
[0.15412186,0.08861623],[0.55197132,1.02557084],[0.74193548,0.57384417],
[-0.1792114,0.89264648],[0.01075268,0.44091981],[0.40860215,1.37787442],
[-0.3225806,1.24495006],[-0.1326164,0.79322339],[0.41935483,0.00972617],
[0.22939068,0.46145284],[-0.2956989,0.99044855],[-0.4659498,1.59725364],
[0.08602150,0.81375642],[0.11290322,0.55925491],[-0.0573476,1.16606000],
[0.54659498,1.25737795],[-0.0304659,0.91155849],[0.52150537,0.12806127],
[-0.2204301,1.36328516],[0.33154121,0.57978794],[0.18817204,0.93209152],
[0.37813620,0.48036484],[0.74014336,0.14859430],[0.04480286,1.28439510],
[0.59677419,0.50089787],[-0.0985663,1.63669867],[0.45340501,0.85320145],
[0.29032258,1.05042661],[0.84229390,0.26692939],[0.69892473,0.61923297],
[0.13082437,0.28908345],[0.15770609,0.03458194],[-0.0322580,0.48630862],
[0.36559139,1.42326322],[-0.1756272,0.83861219],[0.01433691,0.38688552],
[0.37634408,0.05511497],[0.04301075,0.85914522],[-0.3189964,1.19091577],
[0.23297491,0.40741855],[-0.1003584,1.21144880],[0.08960573,0.75972213],
[0.50358422,1.30276675],[-0.0734767,0.95694729],[0.47849462,0.17345007],
[-0.2437275,1.56375238],[0.33512544,0.52575365],[0.00179211,1.32978390],
[0.55376344,0.54628668],[0.74372759,0.09456000],[0.41039426,0.89859026],
[0.26702508,1.25089383],[0.81899641,0.46739661],[0.08781362,0.33447226],
[0.11469534,0.07997075],[-0.0555555,0.68677584],[-0.0286738,0.43227432],
[-0.3620071,1.23630458],[-0.1720430,0.78457790],[0.37992831,0.00108068],
[0.18996415,0.45280735],[-0.1433691,1.25683761],[0.04659498,0.80511093],
[0.59856630,0.02161371],[-0.2867383,1.60914119],[-0.0967741,1.15741451],
[0.45519713,0.37391729],[0.12186379,1.17794754],[0.70071684,0.13994881],
[-0.0215053,1.53025112],[0.22401433,1.29628264],[0.77598566,0.51278542],
[0.04480286,0.37986106],[0.08064516,1.64858622],[0.63261648,0.86508900],
[-0.0985663,0.73216464],[0.09139784,0.28043797],[0.48924731,1.21739257],
[-0.2419354,1.08446822],[-0.2150537,0.82996671],[0.33691756,0.04646949],
[0.31003584,0.30097100],[-0.3853046,1.43677180],[0.00358422,0.85049974],
[0.19354838,0.39877306],[0.55555555,0.06700252],[0.16666666,0.65327457],
[0.77060931,0.74459253],[-0.1397849,1.20280332],[0.41218637,0.41930609],
[-0.2831541,1.55510689],[0.26881720,0.77160967],[-0.0645161,1.57563992],
[0.12544802,1.12391325],[0.67741935,0.34041603],[-0.0537634,0.20749167],
[0.20071684,1.49674986],[0.58960573,0.91047780],[0.04838709,0.32582677],
[0.44623655,1.26278138],[-0.2849462,1.12985702],[-0.0949820,0.67813035],
[-0.4283154,1.48216060],[-0.2383512,1.03043393],[0.31362007,0.24693671],
[0.12365591,0.69866338],[0.72759856,0.78998133],[0.15053763,0.44416187],
[-0.0197132,1.05096696],[0.58422939,1.14228491],[0.55913978,0.01296822],
[-0.3261648,1.60049570],[0.22580645,0.81699848],[0.77777777,0.03350126],
[0.08243727,1.16930206],[0.63440860,0.38580483],[0.49103942,0.73810841],
[0.89964157,0.30691477],[0.16845878,0.17399041],[0.77240143,0.26530836],
[-0.1379928,0.72351915],[-0.2813620,1.07582273],[0.27060931,0.29232551],
[0.08064516,0.74405218],[-0.4247311,1.42812631],[0.12724014,0.64462909],
[-0.0627240,1.09635576],[0.54121863,1.18767371],[-0.2060931,1.44865934],
[0.20250896,1.01746570],[0.03942652,1.21469086],[0.44802867,0.78349722],
[0.85663082,0.35230357],[0.72939068,0.31069717],[0.12544802,0.21937922],
[-0.0179211,0.57168280],[-0.1612903,0.92398637],[0.39068100,0.14048915],
[-0.3243727,1.12121154],[0.22759856,0.33771431],[0.08422939,0.69001789],
[0.51792114,1.38814093],[-0.0591397,1.04232147],[0.49283154,0.25882425],
[-0.2491039,1.49404815],[0.35483870,1.58536610],[0.15949820,1.06285450],
[0.34946236,0.61112783],[0.01612903,1.41515808],[0.02688172,0.04700983],
[0.81362007,0.39769238],[-0.0609318,0.61707160],[0.12903225,0.16534493],
[0.54301075,0.70838955],[-0.2043010,0.96937518],[-0.0143369,0.51764850],
[0.34767025,0.18587796],[-0.3476702,1.32167876],[0.20430107,0.53818153],
[0.80824372,0.62949949],[0.47491039,1.43352974],[0.66487455,0.98180307],
[-0.1021505,1.08771028],[0.44982078,0.30421305],[0.30645161,0.65651663],
[-0.0268817,1.46054688],[0.71505376,0.22532299],[-0.0161290,0.09239863],
[0.11111111,1.34005042],[0.08602150,0.21073373],[-0.2473118,1.01476398],
[-0.0573476,0.56303731],[0.51971326,0.90885677],[-0.3906810,1.36706756],
[0.16129032,0.58357034],[0.35125448,0.13184367],[0.76523297,0.67488829],
[0.43189964,1.47891854],[0.01792114,0.93587392],[0.62186379,1.02719187],
[-0.1254480,1.28817750],[0.26344086,0.70190544],[0.67204301,0.27071179],
[0.06810035,1.38543922],[0.20609318,0.05889737],[0.81003584,0.15021532],
[0.47670250,0.95424558],[-0.1003584,0.60842611],[0.06272401,0.41120095],
[0.33333333,1.30654915],[0.30824372,0.17723247],[-0.0250896,0.98126272],
[0.57885304,1.07258067],[-0.1684587,1.33356630],[0.43548387,1.42488425],
[0.24014336,0.90237266],[-0.0304659,1.21306983],[0.16308243,0.10428618],
[0.76702508,0.19560413],[0.01971326,0.45658976],[0.20967741,0.00486308],
[0.62365591,0.54790771],[0.29032258,1.35193796],[-0.1236559,0.80889333],
[0.42831541,0.02539611],[0.69892473,0.92074432],[0.55555555,1.27304789],
[-0.2114695,1.37895510],[0.05376344,1.30006504],[-0.0734767,1.25845864],
[0.33512544,0.82726499],[0.19175627,1.17956857],[0.74372759,0.39607135],
[0.16666666,0.05025189],[-0.0232974,0.50197856],[-0.1666666,0.85428214],
[0.26702508,1.55240518],[0.65591397,0.96613312],[-0.3100358,1.20658572],
[0.24193548,0.42308849],[0.51254480,1.31843670],[0.09856630,0.77539207],
[0.70250896,0.86671002],[0.37992831,0.30259203],[0.01075268,1.34545384],
[-0.2598566,1.65615102],[0.29211469,0.87265380],[0.14874551,1.22495738],
[0.70071684,0.44146015],[0.12365591,0.09564069],[0.00537634,1.57726095],
[0.55734767,0.79376373],[0.22401433,1.59779398],[0.41397849,1.14606731],
[-0.3530465,1.25197452],[0.19892473,0.46847730],[0.80286738,0.55979525],
[0.63261648,1.16660034],[0.05555555,0.82078088],[0.65949820,0.91209883],
[-0.0716845,0.77917447],[0.33691756,0.34798083],[0.19354838,0.70028441],
[0.84767025,0.03512228],[-0.0376344,1.62264976],[0.51433691,0.83915254],
[0.10035842,0.29610791],[0.18100358,1.64318279],[0.37096774,1.19145611],
[-0.3763440,1.45244174],[0.01254480,0.86616968],[0.22759856,1.54375969],
[0.58960573,1.21198915],[0.44623655,1.56429272],[0.47311827,1.30979121],
[0.15053763,0.74567321],[0.00716845,1.09797679],[0.55913978,0.31447957],
[0.41577060,0.66678315],[0.08243727,1.47081340],[0.05734767,0.34149672],
[0.66129032,0.43281467],[0.32795698,1.23684492],[-0.0860215,0.69380029],
[0.49103942,1.03961976],[0.18458781,1.58914850],[0.73655913,0.80565128],
[0.32258064,0.26260665],[0.19534050,0.22100025],[0.40322580,1.60968153],
[0.59318996,1.15795485],[0.44982078,1.51025843],[-0.2813620,1.37733408],
[-0.0358422,1.14336560],[0.51612903,0.35986837],[0.12724014,0.94614043],
[0.37275985,0.71217195],[-0.0412186,0.16912733],[0.03942652,1.51620220],
[0.22939068,1.06447553],[0.78136200,0.28097831],[0.44802867,1.08500856],
[0.63799283,0.63328189],[-0.1290322,0.73918910],[0.30465949,1.43731214],
[0.27956989,0.30799545],[0.15232974,0.26638905],[0.55017921,1.20334366],
[0.74014336,0.75161698],[0.40681003,1.55564724],[-0.3243727,1.42272288],
[0.41756272,0.18749899],[0.08422939,0.99152924],[-0.0591397,1.34383282],
[0.49283154,0.56033559],[0.18637992,1.10986434],[0.73835125,0.32636711],
[0.04301075,1.46216791],[0.59498207,0.67867069],[0.40501792,1.13039737],
[0.26164874,1.48270094],[0.45161290,1.03097427],[0.23655913,0.35338426],
[0.67025089,1.05150730],[0.69713261,0.79700579],[-0.0340501,0.66408143],
[0.52688172,1.40381088],[0.36379928,1.60103604],[0.37455197,0.23288779],
[0.04121863,1.03691804],[0.23118279,0.58519137],[-0.1021505,1.38922162],
[0.08781362,0.93749495],[0.63978494,0.15399772],[0.44982078,0.60572440],
[0.30645161,0.95802798],[0.85842293,0.17453076],[0.16308243,1.31033156],
[0.71505376,0.52683433],[0.0,1.50755672],[0.55197132,0.72405950],
[0.40860215,1.07636307],[-0.3387096,1.33734870],[0.26523297,1.42866665],
[0.62724014,1.09689611],[0.27598566,0.06051840],[0.48387096,1.44919968],
[0.67383512,0.99747301],[0.51075268,1.19469817],[-0.0573476,0.86454865],
[0.35125448,0.43335501],[0.18817204,0.63058017],[0.04480286,0.98288375],
[0.59677419,0.19938653],[0.26344086,1.00341678],[0.45340501,0.55169011],
[0.81541218,0.21991956],[0.12007168,1.35572036],[0.31003584,0.90399369],
[0.69892473,0.31772163],[0.86200716,0.12049646],[0.67204301,0.57222314],
[0.52867383,0.92452672],[0.22222222,1.47405546],[0.77419354,0.69055824],
[0.23297491,0.10590721],[0.60394265,1.29736333],[0.63082437,1.04286181],
[-0.1003584,0.90993746],[0.48745519,1.39516539],[-0.2437275,1.26224104],
[0.30824372,0.47874381],[-0.3870967,1.61454461],[0.16487455,0.83104739],
[0.71684587,0.04755017],[-0.1684587,1.63507764],[-0.1415770,1.38057613],
[0.41039426,0.59707891],[0.24014336,1.20388400],[0.26702508,0.94938249],
[0.81899641,0.16588527],[0.07706093,1.40110916],[0.62903225,0.61761194],
[0.12365591,1.30168607],[0.67562724,0.51818885],[0.48566308,0.96991552],
[-0.0555555,0.38526449],[0.34229390,1.32221910],[-0.1989247,0.73756807],
[0.18996415,0.15129601],[0.58781362,1.08825062],[0.04659498,0.50359959],
[0.44444444,1.44055420],[-0.2867383,1.30762984],[0.26523297,0.52413262],
[0.45519713,0.07240595],[0.12186379,0.87643620],[0.31182795,0.42470952],
[0.67383512,0.09293898],[-0.0215053,1.22873978],[0.53046594,0.44524255],
[-0.1648745,1.58104335],[0.22401433,0.99477129],[0.77598566,0.21127407],
[0.38709677,0.79754613],[0.93906810,0.01404891],[0.19713261,1.24927281],
[0.05376344,1.60157638],[0.08064516,1.34707487],[0.63261648,0.56357765],
[0.60573476,0.81807916],[-0.0985663,0.43065330],[0.29928315,1.36760790],
[0.48924731,0.91588123],[0.34587813,1.26818481],[0.70788530,0.93641426],
[0.16666666,0.35176323],[0.56451612,1.28871784],[0.41218637,0.11779475],
[-0.3100358,1.50809706],[0.26881720,0.47009833],[-0.0645161,1.27412858],
[0.12544802,0.82240191],[0.67741935,0.03890468],[0.48745519,0.49063136],
[-0.2078853,1.62643216],[0.34408602,0.84293494],[0.53405017,0.39120826],
[0.89605734,0.05943772],[0.15412186,1.29466161],[0.01075268,1.64696519],
[0.20071684,1.19523852],[0.75268817,0.41174129],[0.56272401,0.86346797],
[0.77956989,0.15723978],[0.41935483,1.21577155],[0.44623655,0.96127003],
[0.27598566,1.56807512],[0.30286738,1.31357361],[0.12365591,0.39715203],
[0.52150537,1.33410664],[0.71146953,0.88237997],[-0.0197132,0.74945561],
[-0.3530465,1.55348587],[-0.1630824,1.10175919],[0.38888888,0.31826197],
[0.05555555,1.12229222],[0.08243727,0.86779071],[0.63440860,0.08429349],
[-0.0878136,1.47459580],[0.46415770,0.69109858],[0.49103942,0.43659707],
[0.30107526,0.88832374],[0.85304659,0.10482652],[0.15770609,1.24062732],
[0.34767025,0.78890065],[0.89964157,0.00540342],[0.70967741,0.45713010],
[0.01433691,1.59293090],[0.56630824,0.80943368],[0.37634408,1.26116035],
[0.02508960,0.22478265],[0.23297491,1.61346393],[0.42293906,1.16173725],
[0.25985663,1.35896242],[0.81182795,0.57546520],[-0.3082437,1.02881290],
[0.66845878,0.92776877],[0.10035842,0.59761926],[-0.0627240,0.79484442],
[0.48924731,0.01134720],[0.49820788,1.53457386],[-0.2060931,1.14714800],
[0.34587813,0.36365077],[-0.3494623,1.49945157],[0.20250896,0.71595435],
[0.01254480,1.16768103],[-0.1308243,1.51998460],[-0.1039426,1.26548309],
[0.44802867,0.48198587],[0.05913978,1.06825793],[0.61111111,0.28476071],
[0.42114695,0.73648738],[0.27777777,1.08879096],[0.30465949,0.83428945],
[0.85663082,0.05079223],[-0.0286738,1.63831970],[0.16129032,1.18659303],
[0.71326164,0.40309581],[0.52329749,0.85482248],[-0.0179211,0.27017145],
[0.37992831,1.20712606],[0.56989247,0.75539939],[-0.1612903,0.62247503],
[0.23655913,1.55942964],[0.05734767,0.64300806],[0.08422939,0.38850655],
[0.45519713,1.57996267],[-0.0860215,0.99531164],[0.46594982,0.21181442],
[-0.3924731,1.54484038],[0.15949820,0.76134316],[0.34946236,0.30961648],
[-0.1738351,1.56537341],[0.01612903,1.11364674],[0.56810035,0.33014951],
[0.37813620,0.78187619],[-0.1272401,1.46595031],[0.42473118,0.68245309],
[0.23476702,1.13417977],[0.09139784,1.48648334],[0.11827956,1.23198183],
[0.67025089,0.44848461],[0.64336917,0.70298612],[-0.0609318,0.31556026],
[0.33691756,1.25251486],[0.52688172,0.80078819],[0.5,1.05528970],
[0.19354838,1.60481844],[0.74551971,0.82132122],[0.01433691,0.68839686],
[0.20430107,0.23667019],[0.41218637,1.62535147],[0.60215053,1.17362480],
[-0.1290322,1.04070044],[0.06093189,0.58897377],[0.42293906,0.25720322],
[0.45878136,1.52592838],[-0.2724014,1.39300402],[0.27956989,0.60950680],
[0.30645161,0.35500529],[-0.0268817,1.15903554],[0.16308243,0.70730887],
[0.52508960,0.37553832],[0.13620071,0.96181038],[0.68817204,0.17831316],
[-0.1702508,1.51133912],[0.38172043,0.72784190],[0.57168458,0.27611522],
[0.04838709,1.53187215],[0.23835125,1.08014547],[0.79032258,0.29664825],
[0.60035842,0.74837493],[0.09498207,1.43244905],[0.64695340,0.64895183],
[0.45698924,1.10067851],[0.48387096,0.84617699],[-0.0842293,0.51602748],
[0.31362007,1.45298208],[0.32437275,0.08483383],[0.16129032,0.28205899],
[0.55913978,1.21901360],[0.01792114,0.63436257],[0.41577060,1.57131718],
[-0.3154121,1.43839283],[-0.1254480,0.98666615],[0.42652329,0.20316893],
[0.23655913,0.65489560],[0.09318996,1.00719918],[0.28315412,0.55547251],
[0.64516129,0.22370196],[0.12007168,0.75269767],[-0.0501792,1.35950276],
[0.50179211,0.57600554],[0.52867383,0.32150403],[0.19534050,1.12553428],
[0.74731182,0.34203706],[0.05197132,1.47783786],[0.60394265,0.69434064],
[-0.1272401,0.56141628],[0.06272401,0.10968961],[0.27060931,1.49837089],
[0.46057347,1.04664421],[-0.2706093,0.91371986],[0.28136200,0.13022264],
[0.13799283,0.48252621],[0.53584229,1.41948082],[-0.1953405,1.28655647],
[-0.1684587,1.03205496],[0.38351254,0.24855773],[-0.3387096,1.63886005],
[-0.3118279,1.38435853],[0.24014336,0.60086131],[0.05017921,1.05258799],
[0.60215053,0.26909076],[-0.0931899,1.40489156],[0.09677419,0.95316489],
[0.64874551,0.16966767],[0.45878136,0.62139434],[0.31541218,0.97369792],
[0.17204301,1.32600150],[0.72401433,0.54250428],[0.00896057,1.52322666],
[0.56093189,0.73972944],[0.01971326,0.15507841],[0.41756272,1.09203302],
[-0.1236559,0.50738199],[0.23835125,0.17561144],[0.27419354,1.44433660],
[0.09498207,0.52791502],[0.12186379,0.27341351],[0.28494623,0.07618835],
[0.49283154,1.46486963],[0.68279569,1.01314295],[-0.2383512,1.33194527],
[-0.0483870,0.88021860],[0.50358422,0.09672138],[-0.1917562,1.23252218],
[0.36021505,0.44902495],[0.38709677,0.19452344],[-0.3548387,1.42974734],
[0.19713261,0.64625012],[0.02688172,1.25305521],[0.05376344,0.99855370],
[0.60573476,0.21505647],[-0.0896057,1.35085727],[0.46236559,0.56736005],
[0.27240143,1.01908673],[0.12903225,1.37139030],[0.31899641,0.91966363],
[0.87096774,0.13616641],[0.68100358,0.58789308],[0.13978494,0.00324205],
[0.53763440,0.94019666],[-0.1666666,0.55277079],[0.23118279,1.48972540],
[0.78315412,0.70622818],[-0.3369175,1.15957588],[0.24193548,0.12157715],
[0.63978494,1.05853176],[-0.0913978,0.92560740],[0.09856630,0.47388073],
[0.46057347,0.14211018],[-0.2347670,1.27791098],[0.31720430,0.49441376],
[0.34408602,0.23991225],[0.50716845,0.04268709],[-0.3781362,1.63021456],
[0.17383512,0.84671734],[0.72580645,0.06322012],[-0.1594982,1.65074759],
[-0.1326164,1.39624608],[0.41935483,0.61274886],[0.08602150,1.41677911],
[0.27598566,0.96505243],[0.82795698,0.18155521],[0.09677419,0.04863086],
[0.49462365,0.98558547],[0.68458781,0.53385879],[-0.0465949,0.40093444],
[0.35125448,1.33788904],[-0.1899641,0.75323801],[0.02867383,0.77377104],
[0.05555555,0.51926953],[-0.2777777,1.32329979],[-0.0878136,0.87157311],
[0.46415770,0.08807589],[0.27419354,0.53980256],[-0.1146953,1.12607462],
[-0.2311827,1.22387669],[0.32078853,0.44037947],[0.13082437,0.89210614],
[0.68279569,0.10860892],[-0.0125448,1.24440972],[0.53942652,0.46091250],
[-0.1559139,1.59671330],[0.23297491,1.01044124],[0.78494623,0.22694402],
[0.39605734,0.81321608],[0.94802867,0.02971886],[0.64157706,0.57924760],
[-0.0896057,0.44632324],[0.07347670,0.24909808],[0.30824372,1.38327785],
[-0.2329749,0.79862682],[-0.0430107,0.34690014],[0.31899641,0.01512960],
[-0.0143369,0.81915985],[0.17562724,0.36743317],[0.57347670,1.30438778],
[-0.1577060,1.17146343],[0.03225806,0.71973675],[-0.1308243,0.91696192],
[0.42114695,0.13346469],[0.43010752,1.65669136],[-0.3010752,1.52376701],
[0.30286738,1.61508496],[-0.2741935,1.26926549],[0.27777777,0.48576827],
[-0.0555555,1.28979852],[0.13440860,0.83807185],[0.68637992,0.05457463],
[0.49641577,0.50630130],[-0.1989247,1.64210210],[0.35304659,0.85860488],
[0.54301075,0.40687821],[0.20967741,1.21090846],[0.76164874,0.42741124],
[0.03046594,0.29448688],[0.05734767,0.03998537],[-0.1129032,0.64679046],
[-0.0860215,0.39228895],[0.13261648,0.41282198],[0.53046594,1.34977659],
[-0.2007168,1.21685223],[-0.0107526,0.76512556],[-0.3440860,1.56915581],
[-0.1541218,1.11742914],[0.39784946,0.33393191],[0.06451612,1.13796217],
[0.09139784,0.88346066],[0.64336917,0.09996343],[-0.0788530,1.49026574],
[0.5,0.45226701],[0.16666666,1.25629726],[0.71863799,0.47280004],
[0.90860215,0.02107337],[-0.0125448,0.33987569],[0.02329749,1.60860084],
[0.57526881,0.82510362],[-0.1559139,0.69217926],[-0.1290322,0.43767775],
[0.03405017,0.24045259],[0.43189964,1.17740720],[-0.2992831,1.04448284],
[0.25268817,0.26098562],[0.27956989,0.00648411],[0.10931899,0.61328920],
[0.71326164,0.70460715],[0.13620071,0.35878769],[-0.0537634,0.81051436],
[0.49820788,0.02701714],[-0.1971326,1.16281794],[0.35483870,0.37932072],
[-0.3405017,1.51512152],[0.21146953,0.73162430],[0.48207885,1.62697250],
[0.06810035,1.08392788],[0.45698924,0.49765582],[0.62007168,0.30043065],
[-0.1218637,1.53565455],[0.86559139,0.06646217],[-0.0197132,1.65398965],
[0.53225806,0.87049243],[-0.0089605,0.28584140],[0.38888888,1.22279600],
[-0.1523297,0.63814497],[0.06630824,0.65867800],[0.09318996,0.40417649],
[0.25627240,0.20695133],[0.67025089,0.74999596],[-0.0770609,1.01098158],
[0.52688172,1.10229953],[-0.3835125,1.56051032],[0.16845878,0.77701310],
[0.02508960,1.12931668],[0.57706093,0.34581946],[-0.1182795,1.48162026],
[0.43369175,0.69812304],[0.11111111,0.13400504],[-0.1953405,0.68353378],
[-0.0053763,0.23180710],[0.02329749,0.70406681],[0.21326164,0.25234013],
[-0.1200716,1.05637039],[0.06989247,0.60464371],[0.48387096,1.14768834],
[-0.2634408,1.40867397],[0.34050179,1.49999192],[-0.0179211,1.17470548],
[0.14516129,0.97748032],[-0.1612903,1.52700906],[0.39068100,0.74351184],
[0.24731182,1.09581542],[0.79928315,0.31231820],[0.06810035,0.17939384],
[0.65591397,0.66462178],[-0.0752688,0.53169742],[0.52867383,0.62301537],
[-0.0483870,0.27719591],[-0.2186379,0.88400100],[0.33333333,0.10050378],
[0.93727598,0.19182173],[0.17025089,0.29772894],[0.02688172,0.65003252],
[-0.3064516,1.45406277],[-0.1164874,1.00233610],[0.43548387,0.21883887],
[0.29749103,1.54538072],[0.46057347,1.34815556],[0.29211469,0.57114245],
[-0.0412186,1.37517270],[0.20430107,1.14120422],[0.61290322,0.71001058],
[-0.1182795,0.57708622],[0.48566308,0.66840418],[0.07168458,0.12535955],
[-0.2616487,0.92938980],[-0.0716845,0.47766313],[0.89426523,0.23721053],
[0.14695340,0.49819616],[0.75089605,0.58951411],[0.41756272,1.39354436],
[0.60752688,0.94181769],[-0.1594982,1.04772490],[0.39247311,0.26422768],
[0.24910394,0.61653126],[-0.0842293,1.42056151],[0.51971326,1.51187946],
[0.65770609,0.18533761],[0.02867383,0.17074836],[-0.0896057,1.65236862],
[-0.1146953,0.52305193],[-0.2580645,0.87535551],[0.29390681,0.09185829],
[0.10394265,0.54358496],[0.70788530,0.63490292],[0.37455197,1.43893317],
[-0.0394265,0.89588854],[0.56451612,0.98720649],[-0.1827956,1.24819212],
[0.20609318,0.66192006],[0.61469534,0.23072642],[0.48745519,0.18912001],
[0.14874551,0.01891200],[0.75268817,0.11022995],[-0.1577060,0.56844074],
[0.00537634,0.37121558],[0.27598566,1.26656378],[0.25089605,0.13724709],
[0.13261648,1.61886736],[0.68458781,0.83537014],[0.10752688,0.48955067],
[-0.0824372,0.94127735],[0.52150537,1.03259530],[-0.2258064,1.29358092],
[0.37813620,1.38489888],[0.51612903,0.05835703],[-0.3691756,1.64588450],
[0.18279569,0.86238728],[-0.0878136,1.17308446],[0.10573476,0.06430080],
[0.70967741,0.15561875],[-0.0376344,0.41660438],[0.56630824,0.50792233],
[0.23297491,1.31195258],[-0.1810035,0.76890796],[0.97491039,0.07672869],
[0.64157706,0.88075894],[0.06451612,0.53493948],[0.83154121,0.42903227],
[-0.2688172,1.33896973],[0.49820788,1.23306252],[0.47311827,0.10374583],
[-0.0035842,1.26007966],[-0.1308243,1.21847326],[0.27777777,0.78727962],
[0.13440860,1.13958320],[-0.0806451,0.46199318],[0.10931899,0.01026651],
[0.68637992,0.35608597],[-0.2240143,0.81429676],[0.93189964,0.12211749],
[0.59856630,0.92614775],[0.18458781,0.38310312],[0.78853046,0.47442107],
[0.45519713,1.27845132],[0.04121863,0.73540670],[0.64516129,0.82672465],
[0.43010752,0.14913464],[0.31182795,1.63075490],[-0.0465949,1.30546847],
[0.55734767,1.39678642],[-0.3172043,1.61616564],[0.23476702,0.83266842],
[0.09139784,1.18497200],[0.64336917,0.40147478],[0.06630824,0.05565531],
[-0.0519713,1.53727558],[0.5,0.75377836],[0.35663082,1.10608193],
[0.14157706,0.42849192],[0.74551971,0.51980988],[-0.0017921,0.78079550],
[0.60215053,0.87211345],[-0.1451612,1.13309908],[0.45878136,1.22441703],
[0.13620071,0.66029903],[-0.0949820,1.58266438],[0.45698924,0.79916716],
[0.04301075,0.25612254],[0.64695340,0.34744049],[0.31362007,1.15147074],
[0.86559139,0.36797352],[0.17025089,1.50377432],[0.72222222,0.72027710],
[-0.0448028,0.82618431],[0.38888888,1.52430735],[-0.1881720,1.17848788],
[0.41577060,1.26980584],[0.09318996,0.70568784],[0.49103942,1.64264245],
[-0.0501792,1.05799142],[0.50179211,0.27449419],[0.35842293,0.62679777],
[0.02508960,1.43082802],[0.0,0.30151134],[0.60394265,0.39282929],
[0.43369175,0.99963438],[-0.1433691,0.65381492],[0.27060931,1.19685954],
[0.82258064,0.41336232],[0.12724014,1.54916312],[0.67921146,0.76566590],
[0.26523297,0.22262127],[0.86917562,0.31393923],[0.13799283,0.18101487],
[0.34587813,1.56969615],[0.53584229,1.11796948],[0.39247311,1.47027306],
[-0.0931899,1.10338022],[0.45878136,0.31988300],[0.49462365,1.58860815],
[-0.2365591,1.45568380],[0.31541218,0.67218658],[-0.0179211,1.47621683],
[0.17204301,1.02449016],[0.72401433,0.24099293],[0.39068100,1.04502319],
[-0.1863799,0.69920372],[0.41756272,0.79052167],[0.96953405,0.00702445],
[0.58064516,0.59329651],[0.24731182,1.39732676],[0.79928315,0.61382954],
[0.22222222,0.26801008],[0.82616487,0.35932803],[0.09498207,0.22640367],
[0.49283154,1.16335828],[0.68279569,0.71163161],[-0.0483870,0.57870725],
[0.34946236,1.51566186],[0.36021505,0.14751361],[0.45161290,1.63399696],
[-0.2795698,1.50107260],[-0.1164874,1.30384744],[0.12903225,1.06987896],
[0.68100358,0.28638174],[-0.0143369,1.42218254],[0.53763440,0.63868532],
[0.34767025,1.09041199],[0.20430107,1.44271557],[0.39426523,0.99098889],
[0.75627240,0.65921835],[0.61290322,1.01152193],[0.63978494,0.75702041],
[-0.0913978,0.62409606],[0.30645161,1.56105067],[0.49641577,1.10932399],
[0.46953405,1.36382550],[0.31720430,0.19290241],[0.17383512,0.54520599],
[-0.1594982,1.34923624],[0.03046594,0.89750957],[0.58243727,0.11401235],
[0.24910394,0.91804260],[-0.0573476,1.46757134],[0.49462365,0.68407412],
[0.68458781,0.23234745],[0.10573476,1.27034618],[0.65770609,0.48684896],
[0.08064516,0.14102949],[0.35125448,1.03637770],[0.90322580,0.25288048],
[0.20788530,1.38868128],[0.75985663,0.60518406],[0.56989247,1.05691073],
[0.21863799,0.02053303],[0.42652329,1.40921431],[0.61648745,0.95748763],
[0.45340501,1.15471280],[-0.1146953,0.82456328],[0.29390681,0.39336963],
[0.13082437,0.59059480],[0.52867383,1.52754941],[-0.0125448,0.94289838],
[0.53942652,0.15940115],[0.20609318,0.96343141],[0.39605734,0.51170473],
[0.06272401,1.31573498],[0.61469534,0.53223776],[0.80465949,0.08051109],
[0.03763440,0.18641830],[0.64157706,0.27773625],[0.47132616,0.88454134],
[0.16487455,1.43407008],[0.71684587,0.65057286],[0.90681003,0.19884619],
[0.17562724,0.06592183],[0.57347670,1.00287644],[0.76344086,0.55114976],
[-0.1577060,0.86995208],[0.43010752,1.35518002],[-0.3010752,1.22225566],
[0.25089605,0.43875844],[-0.4444444,1.57455924],[0.10752688,0.79106202],
[0.65949820,0.00756480],[-0.1989247,1.34059076],[0.35304659,0.55709354],
[0.01971326,1.36112379],[0.20967741,0.90939711],[0.76164874,0.12589989],
[0.57168458,0.57762657],[0.06630824,1.26170069],[0.61827956,0.47820347],
[0.42831541,0.92993015],[0.28494623,1.28223372],[0.83691756,0.49873650],
[0.86379928,0.24423499],[0.13261648,0.11131063],[0.14157706,1.63453730],
[0.69354838,0.85104008],[0.72043010,0.59653857],[0.53046594,1.04826524],
[-0.0107526,0.46361421],[0.36021505,1.65507033],[0.38709677,1.40056882],
[-0.3440860,1.26764447],[0.20788530,0.48414724],[0.39784946,0.03242057],
[-0.4874551,1.61994804],[0.06451612,0.83645082],[0.25448028,0.38472415],
[0.61648745,0.05295360],[-0.0788530,1.18875440],[0.47311827,0.40525718],
[-0.2222222,1.54105798],[0.16666666,0.95478592],[0.71863799,0.17128870],
[0.32974910,0.75756076],[-0.0035842,1.56159101],[0.02329749,1.30708950],
[0.57526881,0.52359228],[0.76523297,0.07186560],[0.24193548,1.32762253],
[0.43189964,0.87589585],[0.79390681,0.54412531],[0.28853046,1.22819943],
[0.67741935,0.64192737],[0.84050179,0.44470221],[0.65053763,0.89642889],
[0.10931899,0.31177785],[0.50716845,1.24873246],[0.35483870,0.07780937],
[-0.3673835,1.46811169],[0.21146953,0.43011295],[-0.1218637,1.23414320],
[0.06810035,0.78241653],[0.43010752,0.45064598],[-0.2652329,1.58644678],
[0.28673835,0.80294956],[0.47670250,0.35122289],[0.83870967,0.01945234],
[-0.0465949,1.60697981],[0.14336917,1.15525314],[0.69534050,0.37175592],
[0.72222222,0.11725441],[0.36200716,1.17578617],[0.38888888,0.92128466],
[0.94086021,0.13778744],[0.21863799,1.52808975],[0.24551971,1.27358824],
[0.79749103,0.49009102],[0.06630824,0.35716666],[0.10215053,1.62589182],
[0.65412186,0.84239459],[0.46415770,1.29412127],[-0.0770609,0.70947024],
[0.32078853,1.64642485],[-0.4103942,1.51350049],[-0.2204301,1.06177382],
[0.33154121,0.27827659],[-0.0017921,1.08230685],[0.02508960,0.82780534],
[0.57706093,0.04430811],[-0.3082437,1.63183559],[-0.1182795,1.18010891],
[0.43369175,0.39661169],[0.24372759,0.84833837],[0.79569892,0.06484114],
[-0.1451612,1.43461042],[0.40681003,0.65111320],[0.10035842,1.20064194],
[0.29032258,0.74891527],[0.65232974,0.41714472],[-0.0430107,1.55294552],
[0.50896057,0.76944830],[0.31899641,1.22117497],[-0.0322580,0.18479727],
[0.17562724,1.57347855],[0.36559139,1.12175188],[0.20250896,1.31897704],
[0.75448028,0.53547982],[0.61111111,0.88778340],[-0.1200716,0.75485904],
[0.06989247,0.30313237],[0.44086021,1.49458849],[0.46774193,1.24008698],
[-0.2634408,1.10716262],[0.28853046,0.32366540],[-0.4068100,1.45946620],
[0.14516129,0.67596898],[-0.0448028,1.12769565],[-0.1881720,1.47999923],
[0.00179211,1.02827256],[0.55376344,0.24477533],[0.36379928,0.69650201],
[-0.1612903,1.22549772],[0.39068100,0.44200050],[0.22043010,1.04880559],
[0.24731182,0.79430407],[0.79928315,0.01080685],[-0.0860215,1.59833433],
[0.10394265,1.14660765],[0.65591397,0.36311043],[0.46594982,0.81483711],
[0.32258064,1.16714068],[0.51254480,0.71541401],[0.87455197,0.38364346],
[0.17921146,1.51944426],[0.73118279,0.73594704],[0.02688172,0.34852117],
[0.39784946,1.53997729],[0.42473118,1.28547578],[-0.1433691,0.95532626],
[-0.4498207,1.50485500],[0.10215053,0.72135778],[0.29211469,0.26963111],
[-0.2311827,1.52538803],[-0.0412186,1.07366136],[0.51075268,0.29016414],
[0.32078853,0.74189081],[0.17741935,1.09419439],[-0.1845878,1.42596494],
[0.36738351,0.64246772],[0.03405017,1.44649797],[0.58602150,0.66300075],
[0.06093189,1.19199646],[0.61290322,0.40849924],[0.44265232,1.01530433],
[0.46953405,0.76080281],[0.27956989,1.21252949],[0.13620071,1.56483307],
[0.68817204,0.78133584],[0.87813620,0.32960917],[0.14695340,0.19668481],
[0.54480286,1.13363942],[-0.1863799,1.00071507],[-0.1594982,0.74621356],
[0.00358422,0.54898839],[0.40143369,1.48594300],[-0.3297491,1.35301865],
[0.22222222,0.56952142],[0.24910394,0.31501991],[0.07885304,0.92182500],
[0.63082437,0.13832778],[0.10573476,0.66732349],[-0.0842293,1.11905016],
[0.46774193,0.33555294],[-0.2275985,1.47135374],[0.32437275,0.68785652],
[0.51433691,0.23612985],[-0.0089605,1.49188677],[0.18100358,1.04016010],
[0.73297491,0.25666288],[0.03763440,1.39246368],[0.42652329,0.80619162],
[0.97849462,0.02269440],[0.58960573,0.60896646],[-0.1415770,0.47604210],
[0.39964157,1.06069313],[0.25627240,1.41299671],[0.83512544,0.37499798],
[0.10394265,0.24207362],[0.26702508,0.04484846],[0.50179211,1.17902823],
[-0.0394265,0.59437720],[0.35842293,1.53133181],[-0.3727598,1.39840745],
[-0.1827956,0.94668078],[0.36917562,0.16318355],[0.17921146,0.61491023],
[0.03584229,0.96721381],[0.06272401,0.71271230],[0.22580645,0.51548713],
[0.58781362,0.18371658],[-0.1075268,1.31951738],[-0.0806451,1.06501587],
[0.47132616,0.28151865],[0.44444444,0.53602016],[0.13799283,1.08554890],
[0.32795698,0.63382223],[0.68996415,0.30205168],[-0.0053763,1.43785248],
[0.54659498,0.65435526],[0.73655913,0.20262859],[0.00537634,0.06970423],
[0.21326164,1.45838551],[0.40322580,1.00665884],[0.22401433,0.09023726],
[0.08064516,0.44254084],[0.10752688,0.18803933],[0.47849462,1.37949545],
[-0.2258064,0.99206958],[0.32616487,0.20857236],[-0.3960573,1.59887467],
[-0.3691756,1.34437316],[0.18279569,0.56087594],[-0.0071684,1.01260261],
[0.54480286,0.22910539],[-0.1505376,1.36490619],[0.03942652,0.91317952],
[0.59139784,0.12968229],[0.40143369,0.58140897],[0.25806451,0.93371255],
[0.28494623,0.67921103],[-0.0483870,1.48324129],[0.50358422,0.69974407],
[0.69354838,0.24801739],[0.11469534,1.28601612],[0.66666666,0.50251890],
[0.36021505,1.05204764],[0.91218637,0.26855042],[0.18100358,0.13562607],
[0.21684587,1.40435122],[0.76881720,0.62085400],[0.03763440,0.48792964],
[0.22759856,0.03620297],[0.06451612,0.23342813],[0.62544802,0.97315758],
[-0.1057347,0.84023322],[0.44623655,0.05673600],[-0.4390681,1.64426347],
[-0.2491039,1.19253680],[0.30286738,0.40903958],[0.32974910,0.15453807],
[-0.4121863,1.38976196],[0.13978494,0.60626474],[-0.0035842,0.95856832],
[0.54838709,0.17507110],[-0.1469534,1.31087190],[0.40501792,0.52737468],
[0.21505376,0.97910135],[0.07168458,1.33140493],[0.26164874,0.87967825],
[0.81362007,0.09618103],[0.65053763,0.29340620],[0.48028673,0.90021129],
[0.17383512,1.44974003],[0.72580645,0.66624280],[0.18458781,0.08159177],
[0.58243727,1.01854638],[-0.1487455,0.88562203],[0.04121863,0.43389535],
[0.40322580,0.10212481],[-0.2921146,1.23792561],[0.25985663,0.45442838],
[0.28673835,0.19992687],[0.44982078,0.00270171],[-0.4354838,1.59022918],
[0.11648745,0.80673196],[0.66845878,0.02323474],[-0.2168458,1.61076221],
[-0.1899641,1.35626070],[0.36200716,0.57276348],[0.02867383,1.37679373],
[0.21863799,0.92506706],[0.77060931,0.14156984],[0.03942652,0.00864548],
[0.07526881,1.27737064],[0.62724014,0.49387342],[0.43727598,0.94560009],
[-0.1039426,0.36094906],[0.29390681,1.29790367],[0.15053763,1.65020725],
[-0.0286738,0.73378567],[-0.0017921,0.47928416],[0.18817204,0.02755748],
[-0.1720430,1.08608925],[-0.1451612,0.83158774],[0.40681003,0.04809051],
[-0.3351254,1.28331441],[0.21684587,0.49981719],[-0.4784946,1.63561799],
[-0.2885304,1.18389131],[0.26344086,0.40039409],[0.07347670,0.85212077],
[0.62544802,0.06862354],[-0.0698924,1.20442434],[0.48207885,0.42092712],
[-0.2132616,1.55672792],[0.17562724,0.97045586],[0.72759856,0.18695864],
[0.33870967,0.77323070],[0.03225806,1.32275944],[0.58422939,0.53926222],
[0.25089605,1.34329247],[0.44086021,0.89156580],[0.84946236,0.46037216],
[0.11827956,0.32744780],[0.14516129,0.07294629],[0.51612903,1.26440241],
[-0.2150537,1.13147805],[-0.1881720,0.87697654],[0.36379928,0.09347932],
[-0.0250896,0.67975138],[0.37275985,1.61670599],[-0.3584229,1.48378163],
[-0.3315412,1.22928012],[0.22043010,0.44578290],[0.24551971,1.57509958],
[-0.1129032,1.24981315],[0.07706093,0.79808648],[0.62903225,0.01458925],
[0.43906810,0.46631593],[0.65412186,1.14390594],[-0.2562724,1.60211673],
[0.29569892,0.81861951],[0.48566308,0.36689283],[0.15232974,1.17092308],
[0.70430107,0.38742586],[0.0,0.0],[0.39784946,0.93695460],
[0.94982078,0.15345738],[-0.1702508,0.60680508],[0.80645161,0.50576096],
[0.07526881,0.37283660],[-0.2580645,1.17686686],[-0.0681003,0.72514018],
[-0.4014336,1.52917043],[-0.2114695,1.07744376],[0.34050179,0.29394654],
[0.20250896,1.62048839],[0.61111111,1.18929474],[0.03405017,0.84347528],
[0.58602150,0.05997806],[-0.2992831,1.64750553],[0.25268817,0.86400831],
[0.44265232,0.41228164],[-0.1362007,1.45028037],[0.46774193,1.54159832],
[0.10931899,1.21631189],[-0.0340501,1.56861547],[0.51792114,0.78511825],
[-0.0232974,0.20046722],[0.37455197,1.13742182],[0.05197132,0.57330382],
[0.07885304,0.31880231],[-0.1111111,0.77052899],[-0.2544802,1.12283256],
[-0.0645161,0.67110589],[0.29749103,0.33933534],[-0.3978494,1.47513614],
[0.15412186,0.69163892],[0.56810035,1.23468355],[-0.1792114,1.49566917],
[0.01075268,1.04394250],[0.56272401,0.26044528],[0.42473118,1.58698713],
[0.39964157,0.45767044],[0.80824372,0.02647680],[-0.0770609,1.61400427],
[0.47491039,0.83050705],[-0.0663082,0.24585602],[0.33154121,1.18281063],
[0.18817204,1.53511421],[0.00896057,0.61869263],[0.19892473,0.16696595],
[0.03584229,0.36419112],[0.59677419,1.10392056],[-0.1344086,0.97099621],
[0.46953405,1.06231416],[-0.1075268,0.71649470],[-0.4408602,1.52052495],
[0.11111111,0.73702773],[0.30107526,0.28530105],[-0.0322580,1.08933130],
[0.51971326,0.30583408],[-0.1756272,1.44163488],[0.37634408,0.65813766],
[0.05376344,0.09401966],[0.14516129,1.58050301],[0.15591397,0.21235476],
[0.55376344,1.14930937],[-0.1774193,1.01638501],[0.01254480,0.56465834],
[0.42652329,1.10770296],[-0.3207885,1.36868859],[0.28315412,1.46000654],
[0.25806451,0.33068986],[-0.0752688,1.13472011],[-0.2186379,1.48702369],
[0.33333333,0.70352647],[0.18996415,1.05583004],[0.74193548,0.27233282],
[0.01075268,0.13940847],[0.59856630,0.62463640],[-0.1326164,0.49171204],
[0.47132616,0.58303000],[0.11290322,0.25774356],[0.87992831,0.15183635],
[-0.0304659,0.61004714],[-0.3637992,1.41407739],[-0.1738351,0.96235072],
[0.37813620,0.17885350],[0.24014336,1.50539535],[-0.3172043,1.31465430],
[0.23476702,0.53115708],[0.64874551,1.07420170],[-0.0985663,1.33518733],
[0.50537634,1.42650528],[0.14695340,1.10121885],[0.55555555,0.67002521],
[0.42831541,0.62841880],[0.01433691,0.08537418],[0.28494623,0.98072238],
[0.83691756,0.19722516],[0.08960573,0.45821078],[0.69354838,0.54952874],
[-0.2168458,1.00773952],[0.33512544,0.22424230],[0.55017921,0.90183231],
[-0.3602150,1.36004310],[0.19175627,0.57654588],[0.46236559,1.47189409],
[0.04838709,0.92884946],[0.60035842,0.14535224],[-0.0286738,0.13076298],
[-0.1469534,1.61238324],[0.65053763,0.59491754],[0.23655913,0.05187291],
[-0.0967741,0.85590317],[0.50716845,0.94722112],[0.36379928,1.29952470],
[-0.2401433,1.20820674],[-0.4032258,1.40543191],[0.14874551,0.62193469],
[0.58243727,1.32005773],[0.00537634,0.97423826],[0.55734767,0.19074104],
[0.41397849,0.54304462],[0.82258064,0.11185098],[0.69534050,0.07024457],
[-0.1899641,1.65777205],[-0.0519713,0.33123020],[0.55197132,0.42254815],
[0.21863799,1.22657840],[0.19354838,0.09726172],[0.07526881,1.57888198],
[0.62724014,0.79538476],[0.05017921,0.44956530],[-0.1397849,0.90129197],
[0.46415770,0.99260992],[0.32078853,1.34491350],[-0.2831541,1.25359555],
[0.45878136,0.01837165],[-0.4265232,1.60589913],[0.53942652,1.36544653],
[0.58602150,1.26602344],[0.37096774,0.58843343],[0.04838709,0.02431543],
[0.65232974,0.11563338],[-0.0949820,0.37661900],[0.50896057,0.46793696],
[0.17562724,1.27196721],[0.91756272,0.03674331],[0.03225806,1.62427079],
[0.58422939,0.84077357],[0.77419354,0.38904689],[0.00716845,0.49495410],
[0.44086021,1.19307714],[-0.3261648,1.29898435],[0.41577060,0.06376046],
[-0.4695340,1.65128793],[0.68637992,0.95910866],[-0.0609318,1.22009429],
[0.54301075,1.31141224],[-0.2043010,1.57239787],[-0.3315412,1.53079146],
[0.07706093,1.09959782],[0.32258064,0.86562934],[-0.0913978,0.32258471],
[0.87455197,0.08213212],[0.54121863,0.88616237],[0.12724014,0.34311774],
[0.73118279,0.43443570],[0.39784946,1.23846595],[-0.0161290,0.69542132],
[0.37275985,0.10914926],[0.58781362,0.78673927],[0.25448028,1.59076953],
[0.5,1.35680105],[-0.2473118,1.61778667],[-0.3745519,1.57618027],
[0.03405017,1.14498662],[0.00896057,0.01566994],[-0.1093189,1.49729020],
[0.44265232,0.71379298],[0.29928315,1.06609656],[0.68817204,0.47982450],
[0.85125448,0.28259934],[-0.0591397,0.74081013],[0.54480286,0.83212808],
[0.21146953,1.63615833],[-0.2025089,1.09311370],[0.40143369,1.18443166],
[0.62007168,1.20496469],[0.07885304,0.62031366],[0.47670250,1.55726827],
[-0.1523297,1.54267901],[0.39964157,0.75918179],[-0.0143369,0.21613716],
[0.58960573,0.30745511],[0.25627240,1.11148536],[0.80824372,0.32798814],
[0.11290322,1.46378894],[0.66487455,0.68029172],[-0.1021505,0.78619893],
[0.33154121,1.48432197],[-0.2455197,1.13850251],[0.35842293,1.22982046],
[0.57706093,1.25035349],[0.03584229,0.66570246],[0.43369175,1.60265707],
[0.62365591,1.15093040],[-0.1075268,1.01800604],[0.44444444,0.23450882],
[-0.2508960,1.37030962],[0.30107526,0.58681240],[-0.0573476,0.26152596],
[0.54659498,0.35284392],[0.21326164,1.15687417],[0.76523297,0.37337695],
[0.06989247,1.50917775],[0.62186379,0.72568053],[0.20788530,0.18263590],
[0.81182795,0.27395385],[0.28853046,1.52971078],[0.47849462,1.07798410],
[-0.0627240,0.49333307],[0.33512544,1.43028768],[0.17204301,1.62751284],
[0.72401433,0.84401562],[0.55376344,1.45082071],[0.58064516,1.19631920],
[-0.1505376,1.06339484],[0.40143369,0.27989762],[0.43727598,1.54862278],
[-0.2939068,1.41569842],[0.25806451,0.63220120],[0.11469534,0.98450478],
[0.66666666,0.20100756],[0.52329749,0.55331114],[0.36021505,0.75053630],
[0.18996415,1.35734139],[0.16487455,0.22802470],[0.76881720,0.31934266],
[0.43548387,1.12337291],[0.02150537,0.58032828],[0.62544802,0.67164623],
[-0.1057347,0.53872188],[0.29211469,1.47567649],[0.48207885,1.02394981],
[0.30286738,0.10752823],[0.51075268,1.49620952],[0.39426523,1.59401158],
[-0.1738351,1.26386206],[-0.3369175,1.46108723],[0.07168458,1.02989358],
[0.62365591,0.24639636],[-0.0716845,1.38219716],[0.48028673,0.59869994],
[0.14695340,1.40273019],[0.33691756,0.95100352],[0.88888888,0.16750630],
[0.55555555,0.97153655],[-0.0215053,0.62571709],[0.58243727,0.71703504],
[-0.1487455,0.58411068],[0.41218637,1.32384013],[0.43906810,1.06933862],
[0.24910394,1.52106529],[0.25985663,0.15291704],[0.65770609,1.08987165],
[0.11648745,0.50522062],[0.51433691,1.44217523],[-0.2168458,1.30925087],
[-0.0268817,0.85752420],[0.52508960,0.07402697],[0.19175627,0.87805723],
[-0.1146953,1.42758597],[0.43727598,0.64408875],[0.02329749,0.10104412],
[0.62724014,0.19236207],[0.04838709,1.23036080],[0.60035842,0.44686358],
[0.29390681,0.99639232],[0.84587813,0.21289510],[0.15053763,1.34869590],
[0.70250896,0.56519868],[0.51254480,1.01692535],[0.36917562,1.36922893],
[0.39605734,1.11472742],[0.55913978,0.91750226],[0.25268817,1.46703100],
[0.07347670,0.55060942],[0.47132616,1.48756403],[0.66129032,1.03583736],
[-0.0698924,0.90291300],[0.48207885,0.11941578],[-0.2132616,1.25521658],
[0.33870967,0.47171936],[0.14874551,0.92344603],[0.00537634,1.27574961],
[0.55734767,0.49225239],[0.74731182,0.04052571],[-0.0197132,0.14643292],
[0.58422939,0.23775088],[-0.1379928,1.62805319],[0.41397849,0.84455597],
[0.44086021,0.59005445],[0.96594982,0.06105874],[0.10752688,1.39408471],
[0.65949820,0.61058748],[0.84946236,0.15886081],[0.11827956,0.02593645],
[0.32616487,1.41461774],[0.51612903,0.96289106],[0.70609318,0.51116439],
[-0.0250896,0.37824003],[0.37275985,1.31519464],[0.59139784,1.33572767],
[0.61827956,1.08122616],[0.05017921,0.75107664],[-0.1129032,0.94830180],
[-0.2562724,1.30060538],[0.29569892,0.51710816],[-0.0376344,1.32113841],
[0.15232974,0.86941174],[0.70430107,0.08591452],[0.51433691,0.53764119],
[0.00896057,1.22171532],[0.56093189,0.43821810],[0.37096774,0.88994477],
[0.92293906,0.10644755],[0.22759856,1.24224835],[0.77956989,0.45875113],
[0.80645161,0.20424962],[0.07526881,0.07132526],[0.08422939,1.59455193],
[0.63620071,0.81105471],[0.66308243,0.55655319],[0.47311827,1.00827987],
[-0.0681003,0.42362884],[0.32974910,1.36058345],[0.54838709,1.38111648],
[0.00716845,0.79646545],[0.19713261,0.34473877],[0.59498207,1.28169338],
[-0.1362007,1.14876902],[0.41577060,0.36527180],[0.27240143,0.71757538],
[0.10931899,0.91480054],[0.66129032,0.13130332],[-0.0609318,1.52160563],
[-0.0340501,1.26710412],[0.51792114,0.48360690],[0.70788530,0.03188023],
[-0.1774193,1.61940770],[0.37455197,0.83591048],[0.92652329,0.05241326],
[0.18458781,1.28763715],[0.73655913,0.50413993],[0.04121863,1.63994073],
[0.23118279,1.18821406],[0.78315412,0.40471684],[0.59318996,0.85644351],
[0.62007168,0.60194200],[0.05197132,0.27179248],[0.44982078,1.20874709],
[0.29749103,0.03782400],[0.69534050,0.97477861],[0.15412186,0.39012758],
[0.55197132,1.32708219],[-0.1792114,1.19415783],[0.01075268,0.74243116],
[0.37275985,0.41066061],[-0.3225806,1.54646141],[0.22939068,0.76296419],
[-0.1039426,1.56699444],[0.08602150,1.11526776],[0.63799283,0.33177054],
[0.66487455,0.07726903],[0.30465949,1.13580079],[0.33154121,0.88129928],
[0.88351254,0.09780206],[0.16129032,1.48810437],[0.18817204,1.23360286],
[0.74014336,0.45010564],[0.00896057,0.31718128],[0.04480286,1.58590644],
[0.59677419,0.80240922],[0.40681003,1.25413589],[-0.1344086,0.66948486],
[0.26344086,1.60643947],[-0.2777777,1.02178844],[0.27419354,0.23829122],
[0.50896057,1.37247099],[-0.0322580,0.78781996],[0.51971326,0.00432274],
[-0.3655913,1.59185021],[-0.1756272,1.14012354],[0.37634408,0.35662632],
[0.18637992,0.80835299],[0.73835125,0.02485577],[-0.2025089,1.39462505],
[0.04301075,1.16065657],[0.23297491,0.70892989],[0.59498207,0.37715935],
[-0.1003584,1.51296015],[0.45161290,0.72946293],[0.47849462,0.47496141],
[0.26164874,1.18118960],[0.11827956,1.53349318],[0.14516129,1.27899167],
[0.69713261,0.49549444],[0.88709677,0.04376777],[0.30824372,1.08176650],
[0.86021505,0.29826928],[0.00179211,1.63129524],[0.55376344,0.84779802],
[-0.1774193,0.71487367],[0.01254480,0.26314699],[0.38351254,1.45460311],
[0.41039426,1.20010160],[0.22043010,1.65182828],[-0.3207885,1.06717725],
[0.23118279,0.28368002],[0.62903225,1.22063463],[0.08781362,0.63598360],
[0.48566308,1.57293821],[-0.2455197,1.44001385],[-0.2186379,1.18551234],
[0.33333333,0.40201512],[-0.0555555,0.98828718],[0.49641577,0.20478996],
[0.16308243,1.00882021],[0.18996415,0.75431870],[-0.1433691,1.55834895],
[0.04659498,1.10662228],[0.59856630,0.32312506],[0.40860215,0.77485173],
[0.26523297,1.12715531],[0.45519713,0.67542863],[0.81720430,0.34365809],
[0.84408602,0.08915658],[0.12186379,1.47945889],[0.67383512,0.69596166],
[-0.0304659,0.30853580],[0.36738351,1.24549041],[-0.2007168,0.91534089],
[0.04480286,0.68137241],[0.23476702,0.22964573],[0.44265232,1.61832701],
[-0.2885304,1.48540266],[-0.0985663,1.03367598],[0.45340501,0.25017876],
[-0.2419354,1.38597956],[0.31003584,0.60248234],[0.12007168,1.05420902],
[-0.0232974,1.40651259],[0.00358422,1.15201108],[0.55555555,0.36851386],
[0.22222222,1.17254411],[0.38530465,0.97531895],[-0.1397849,1.50431466],
[0.41218637,0.72081744],[0.07885304,1.52484769],[0.26881720,1.07312102],
[0.82078853,0.28962380],[0.63082437,0.74135047],[0.08960573,0.15669944],
[0.48745519,1.09365405],[-0.2437275,0.96072969],[-0.0537634,0.50900302],
[0.34408602,1.44595763],[-0.3870967,1.31303327],[0.16487455,0.52953605],
[0.19175627,0.27503454],[0.02150537,0.88183963],[0.57347670,0.09834240],
[0.04838709,0.62733812],[-0.1415770,1.07906479],[0.41039426,0.29556757],
[-0.2849462,1.43136837],[-0.0949820,0.97964169],[0.45698924,0.19614447],
[0.26702508,0.64787115],[-0.0663082,1.45190140],[0.12365591,1.00017472],
[0.67562724,0.21667750],[-0.0197132,1.35247830],[0.53225806,0.56898108],
[0.34229390,1.02070775],[-0.1827956,1.54970346],[0.36917562,0.76620624],
[0.19892473,1.37301133],[0.22580645,1.11850982],[0.77777777,0.33501260],
[0.04659498,0.20208824],[0.44444444,1.13904285],[0.63440860,0.68731618],
[-0.0967741,0.55439182],[0.09318996,0.10266515],[0.30107526,1.49134643],
[-0.2401433,0.90669540],[0.31182795,0.12319818],[0.12186379,0.57492485],
[-0.0215053,0.92722843],[0.00537634,0.67272692],[0.16845878,0.47550176],
[0.53046594,0.14373121],[0.56630824,1.41245637],[-0.1648745,1.27953201],
[0.38709677,0.49603479],[-0.1379928,1.02503050],[0.41397849,0.24153328],
[0.08064516,1.04556353],[0.27060931,0.59383685],[0.63261648,0.26206631],
[-0.0627240,1.39786711],[0.48924731,0.61436989],[0.67921146,0.16264321],
[0.15591397,1.41840014],[0.34587813,0.96667346],[0.89784946,0.18317624],
[0.59139784,0.73270498],[0.02329749,0.40255546],[0.05017921,0.14805395],
[0.42114695,1.33951007],[-0.2831541,0.95208420],[0.26881720,0.16858698],
[-0.4534050,1.55888929],[-0.0645161,0.97261724],[0.12544802,0.52089056],
[0.52329749,1.45784517],[-0.2078853,1.32492081],[-0.0179211,0.87319414],
[0.53405017,0.08969692],[0.34408602,0.54142359],[0.20071684,0.89372717],
[0.22759856,0.63922566],[-0.1057347,1.44325591],[0.44623655,0.65975869],
[0.63620071,0.20803202],[0.05734767,1.24603075],[0.60931899,0.46253353],
[0.30286738,1.01206227],[0.85483870,0.22856505],[0.15949820,1.36436585],
[0.71146953,0.58086862],[-0.0197132,0.44794427],[0.00716845,0.19344276],
[0.56810035,0.93317220],[-0.1630824,0.80024785],[-0.1362007,0.54574634],
[0.38888888,0.01675063],[-0.3064516,1.15255143],[0.08243727,0.56627937],
[0.27240143,0.11455269],[0.24551971,0.36905420],[0.48028673,1.50323397],
[-0.0609318,0.91858294],[0.12903225,0.46685627],[0.49103942,0.13508572],
[-0.2043010,1.27088652],[0.34767025,0.48738930],[0.15770609,0.93911598],
[-0.3476702,1.62319010],[0.20430107,0.83969288],[0.75627240,0.05619566],
[0.01433691,1.29141955],[0.59318996,0.25342082],[-0.1290322,1.64372313],
[0.42293906,0.86022591],[0.11648745,1.40975465],[0.66845878,0.62625743],
[0.12724014,0.04160640],[0.52508960,0.97856101],[-0.2060931,0.84563665],
[-0.0161290,0.39390998],[0.34587813,0.06213943],[0.38172043,1.33086459],
[-0.3494623,1.19794023],[0.20250896,0.41444301],[0.22939068,0.15994150],
[0.05913978,0.76674659],[0.08602150,0.51224508],[-0.2741935,1.57077684],
[-0.2473118,1.31627533],[0.30465949,0.53277811],[0.49462365,0.08105143],
[-0.0286738,1.33680836],[0.16129032,0.88508168],[0.71326164,0.10158446],
[0.01792114,1.23738526],[0.56989247,0.45388804],[0.37992831,0.90561471],
[0.23655913,1.25791829],[0.09318996,1.61022187],[-0.0591397,0.43929878],
[0.33870967,1.37625339],[-0.2293906,1.04610387],[-0.2025089,0.79160236],
[0.34946236,0.00810514],[0.15949820,0.45983181],[0.01612903,0.81213539],
[0.56810035,0.02863817],[0.20609318,0.36040872],[-0.1272401,1.16443897],
[0.42473118,0.38094175],[0.45161290,0.12644024],[-0.2706093,1.51674255],
[0.28136200,0.73324533],[0.11827956,0.93047049],[0.67025089,0.14697327],
[-0.0250896,1.28277407],[0.52688172,0.49927685],[0.19354838,1.30330710],
[0.38351254,0.85158042],[0.93548387,0.06808320],[0.05017921,1.65561068],
[0.79211469,0.42038678],[0.06093189,0.28746242],[0.08781362,0.03296091],
[-0.2724014,1.09149268],[-0.0824372,0.63976600],[-0.2455197,0.83699116],
[0.30645161,0.05349394],[0.31541218,1.57672061],[-0.4157706,1.44379625],
[0.16308243,0.40579752],[-0.1702508,1.20982777],[0.01971326,0.75810110],
[0.38172043,0.42633055],[-0.3136200,1.56213135],[-0.1236559,1.11040468],
[0.42831541,0.32690746],[0.23835125,0.77863413],[0.09498207,1.13093771],
[0.34050179,0.89696923],[0.89247311,0.11347201],[0.74910394,0.46577558],
[0.01792114,0.33285123],[-0.3154121,1.13688148],[-0.1254480,0.68515481],
[0.27240143,1.62210942],[-0.2688172,1.03745838],[0.28315412,0.25396116],
[-0.0232974,0.80348990],[0.52867383,0.01999268],[0.41039426,1.50161295],
[-0.1666666,1.15579348],[0.38530465,0.37229626],[-0.3566308,1.60752016],
[0.19534050,0.82402293],[-0.1935483,1.41029499],[0.05197132,1.17632651],
[0.24193548,0.72459984],[-0.0913978,1.52863009],[0.46057347,0.74513287],
[0.31720430,1.09743645],[-0.1684587,0.73054361],[0.02150537,0.27881694],
[-0.0053763,0.53331845],[-0.3118279,1.08284719],[-0.1218637,0.63112052],
[0.24014336,0.29934997],[0.84408602,0.39066792],[0.09677419,0.65165355],
[0.36738351,1.54700175],[-0.2096774,1.20118229],[0.34229390,0.41768507],
[-0.0465949,1.00395712],[0.50537634,0.22045990],[0.19892473,0.76998864],
[-0.1344086,1.57401890],[0.60752688,0.33879500],[0.27419354,1.14282525],
[0.13082437,1.49512883],[0.14157706,0.12698058],[-0.0215053,0.32420574],
[0.53942652,1.06393519],[-0.1917562,0.93101083],[0.41218637,1.02232878],
[-0.1648745,0.67650932],[0.05376344,0.69704235],[0.24372759,0.24531568],
[0.82078853,0.59113514],[-0.0896057,1.04934593],[0.46236559,0.26584871],
[-0.2329749,1.40164951],[0.31899641,0.61815229],[0.56451612,0.38418381],
[-0.0035842,0.05403429],[0.08781362,1.54051764],[0.09856630,0.17236938],
[-0.2347670,0.97639964],[-0.0448028,0.52467296],[0.36917562,1.06771759],
[-0.3781362,1.32870321],[0.22580645,1.42002117],[0.77777777,0.63652394],
[0.20071684,0.29070448],[0.63440860,0.98882752],[-0.1326164,1.09473473],
[0.41935483,0.31123751],[-0.2759856,1.44703831],[0.27598566,0.66354109],
[0.13261648,1.01584467],[-0.0107526,1.36814825],[0.54121863,0.58465103],
[0.05555555,0.21775819],[-0.0878136,0.57006177],[0.10215053,0.11833509],
[0.18279569,1.46540997],[-0.2311827,0.92236534],[0.32078853,0.13886812],
[0.73476702,0.68191275],[-0.3745519,1.27466892],[0.17741935,0.49117170],
[0.59139784,1.03421633],[-0.1559139,1.29520195],[0.44802867,1.38651991],
[0.08960573,1.06123347],[-0.0537634,1.41353705],[0.49820788,0.63003983],
[0.35483870,0.98234341],[0.22759856,0.94073700],[0.03225806,0.41822541],
[0.05913978,0.16372390],[0.63620071,0.50954336],[-0.2741935,0.96775415],
[0.27777777,0.18425693],[0.88172043,0.27557488],[0.13440860,0.53656051],
[0.40501792,1.43190871],[-0.0089605,0.88886408],[0.54301075,0.10536686],
[-0.0967741,1.45892586],[0.31182795,1.02773221],[0.59318996,0.55493217],
[0.17921146,0.01188754],[-0.1541218,0.81591779],[0.44982078,0.90723574],
[-0.2974910,1.16822137],[0.09139784,0.58194931],[0.30645161,1.25953932],
[0.52508960,1.28007235],[-0.0519713,0.93425289],[0.5,0.15075567],
[0.38172043,1.63237593],[0.35663082,0.50305925],[0.63799283,0.03025920],
[0.49462365,0.38256278],[0.13620071,0.05727634],[0.01792114,1.53889661],
[-0.1971326,0.86130660],[-0.0071684,0.40957992],[0.40681003,0.95262455],
[-0.3405017,1.21361017],[-0.1505376,0.76188350],[0.26344086,1.30492813],
[0.81541218,0.52143090],[0.12007168,1.65723170],[0.67204301,0.87373448],
[0.48207885,1.32546116],[0.52867383,1.22603806],[0.31362007,0.54844805],
[0.59498207,0.07564800],[0.45161290,0.42795158],[0.30824372,0.78025516],
[-0.0250896,1.58428541],[0.71684587,0.34906152],[-0.0501792,0.45496873],
[0.38351254,1.15309177],[-0.1935483,0.80727230],[0.35842293,0.02377508],
[0.96236559,0.11509304],[0.62903225,0.91912329],[0.21505376,0.37607866],
[0.48566308,1.27142687],[-0.2616487,1.53241249],[0.34229390,1.62373044],
[-0.3888888,1.49080609],[0.01971326,1.05961244],[0.26523297,0.82564396],
[0.81720430,0.04214674],[-0.0681003,1.62967422],[0.67383512,0.39445032],
[0.34050179,1.19848057],[-0.0734767,0.65543595],[0.53046594,0.74675390],
[-0.2365591,0.85266111],[0.31541218,0.06916389],[0.19713261,1.55078415],
[0.74910394,0.76728693],[0.17204301,0.42146747],[0.60573476,1.11959051],
[0.44265232,1.31681567],[-0.3046594,1.57780130],[-0.4318996,1.53619489],
[-0.0232974,1.10500125],[-0.1666666,1.45730483],[0.38530465,0.67380761],
[0.24193548,1.02611118],[0.79390681,0.24261396],[0.07885304,1.22333635],
[0.63082437,0.43983912],[-0.1164874,0.70082475],[0.48745519,0.79214270],
[0.15412186,1.59617296],[-0.2598566,1.05312833],[0.34408602,1.14444628],
[0.70609318,0.81267573],[0.56272401,1.16497931],[0.75268817,0.71325264],
[0.53763440,0.03566263],[0.41935483,1.51728289],[0.26702508,0.34635980],
[-0.2096774,1.50269363],[0.34229390,0.71919641],[0.53225806,0.26746974],
[0.19892473,1.07149999],[0.75089605,0.28800277],[0.05555555,1.42380357],
[0.60752688,0.64030635],[-0.3028673,1.09851713],[0.30107526,1.18983509],
[0.85304659,0.40633786],[0.15770609,1.54213866],[0.70967741,0.75864144],
[0.51971326,1.21036812],[0.37634408,1.56267169],[-0.0376344,1.01962707],
[0.56630824,1.11094502],[-0.1648745,0.97802066],[-0.3082437,1.33032424],
[0.24372759,0.54682702],[0.48924731,0.31285854],[0.15591397,1.11688879],
[0.34587813,0.66516212],[0.70788530,0.33339157],[0.01254480,1.46919237],
[0.56451612,0.68569515],[0.15053763,0.14265052],[0.75448028,0.23396848],
[0.42114695,1.03799873],[-0.1200716,0.45334770],[0.11469534,1.58752747],
[0.66666666,0.80403025],[0.27777777,1.39030231],[0.49641577,1.41083534],
[0.52329749,1.15633383],[-0.2078853,1.02340947],[0.37992831,1.50863740],
[-0.3512544,1.37571305],[0.20071684,0.59221583],[0.05734767,0.94451940],
[0.60931899,0.16102218],[0.46594982,0.51332576],[0.30286738,0.71055092],
[0.13261648,1.31735601],[0.71146953,0.27935728],[0.37813620,1.08338753],
[-0.0358422,0.54034291],[0.56810035,0.63166086],[0.23476702,1.43569111],
[0.42473118,0.98396444],[0.78673835,0.65219389],[0.24551971,0.06754286],
[0.45340501,1.45622414],[0.64336917,1.00449747],[0.33691756,1.55402621],
[-0.3942652,1.42110185],[0.01433691,0.98990821],[0.56630824,0.20641099],
[-0.1290322,1.34221179],[0.42293906,0.55871457],[0.08960573,1.36274482],
[0.27956989,0.91101814],[0.83154121,0.12752092],[0.49820788,0.93155117],
[-0.0788530,0.58573171],[0.52508960,0.67704966],[0.35483870,1.28385475],
[0.38172043,1.02935324],[0.19175627,1.48107992],[0.74372759,0.69758269],
[0.20250896,0.11293166],[0.23835125,1.38165682],[0.79032258,0.59815960],
[0.60035842,1.04988627],[0.05913978,0.46523524],[0.45698924,1.40218985],
[-0.0842293,0.81753882],[0.30465949,0.23126676],[0.46774193,0.03404160],
[-0.4175627,1.62156907],[-0.0089605,1.19037543],[-0.1720430,1.38760059],
[0.56989247,0.15237670],[0.37992831,0.60410337],[0.23655913,0.95640695],
[0.42652329,0.50468027],[0.78853046,0.17290973],[0.09318996,1.30871053],
[0.64516129,0.52521330],[0.45519713,0.97693998],[0.31182795,1.32924356],
[0.33870967,1.07474205],[0.89068100,0.29124482],[0.50179211,0.87751688],
[0.72043010,0.89804991],[0.19534050,1.42704562],[0.74731182,0.64354840],
[0.01612903,0.51062405],[0.41397849,1.44757865],[0.60394265,0.99585198],
[-0.1272401,0.86292762],[0.42473118,0.07943040],[-0.2706093,1.21523120],
[0.28136200,0.43173398],[-0.0519713,1.23576423],[0.52688172,0.19776550],
[0.68996415,0.00054034],[-0.1953405,1.58806781],[0.35663082,0.80457059],
[0.38351254,0.55006908],[0.05017921,1.35409933],[0.60215053,0.57060211],
[0.79211469,0.11887544],[0.26881720,1.37463236],[0.45878136,0.92290569],
[0.64874551,0.47117901],[-0.0824372,0.33825466],[0.31541218,1.27520927],
[0.67741935,0.94343872],[0.53405017,1.29574230],[0.56093189,1.04124079],
[-0.1702508,0.90831643],[-0.0071684,0.71109127],[0.39068100,1.64804587],
[-0.3136200,1.26062001],[0.23835125,0.47712279],[-0.4569892,1.61292359],
[0.09498207,0.82942636],[0.64695340,0.04592914],[-0.0949820,1.28115304],
[-0.2383512,1.63345662],[-0.0483870,1.18172994],[0.50358422,0.39823272],
[0.31362007,0.84995939],[0.17025089,1.20226297],[0.19713261,0.94776146],
[0.74910394,0.16426424],[0.72222222,0.41876575],[0.01792114,0.03133988],
[0.02688172,1.55456655],[0.41577060,0.96829449],[0.60573476,0.51656782],
[0.57885304,0.77106933],[0.27240143,1.32059807],[0.46236559,0.86887140],
[0.82437275,0.53710085],[0.49103942,1.34113110],[0.68100358,0.88940443],
[-0.0501792,0.75648007],[0.13978494,0.30475340],[0.53763440,1.24170801],
[-0.1935483,1.10878365],[0.35842293,0.32528643],[0.38530465,0.07078492],
[0.05197132,0.87481517],[0.60394265,0.09131795],[0.21505376,0.67759001],
[-0.0913978,1.22711875],[0.46057347,0.44362153],[-0.2347670,1.57942233],
[0.31720430,0.79592510],[0.86917562,0.01242788],[0.12724014,1.24765178],
[0.67921146,0.46415456],[-0.0161290,1.59995536],[0.17383512,1.14822868],
[0.72580645,0.36473146],[0.53584229,0.81645813],[0.56272401,0.56195662],
[0.39247311,1.16876171],[0.41935483,0.91426020],[0.63799283,0.93479323],
[0.82795698,0.48306656],[0.09677419,0.35014220],[0.49462365,1.28709681],
[-0.2365591,1.15417245],[-0.0465949,0.70244578],[0.31541218,0.37067523],
[0.35125448,1.63940039],[-0.3799283,1.50647603],[0.17204301,0.72297881],
[0.02867383,1.07528239],[0.58064516,0.29178517],[0.60752688,0.03728366],
[-0.2777777,1.62481113],[0.27419354,0.84131391],[0.46415770,0.38958723],
[0.82616487,0.05781669],[0.10394265,1.44811900],[0.13082437,1.19361749],
[0.68279569,0.41012026],[-0.0591397,1.64534416],[0.49283154,0.86184694],
[-0.0125448,1.54592106],[0.53942652,0.76242384],[0.34946236,1.21415052],
[0.20609318,1.56645410],[0.75806451,0.78295687],[0.78494623,0.52845536],
[0.21684587,0.19830584],[0.05376344,0.39553101],[0.61469534,1.13526045],
[0.45161290,1.33248561],[-0.0896057,0.74783458],[-0.2598566,1.35463967],
[-0.2329749,1.10013816],[0.31899641,0.31664094],[-0.4229390,1.55186484],
[0.12903225,0.76836762],[-0.0143369,1.12067119],[0.17562724,0.66894452],
[0.53763440,0.33717397],[-0.1577060,1.47297477],[0.39426523,0.68947755],
[0.42114695,0.43497604],[0.06093189,1.49350780],[0.25089605,1.04178113],
[0.80286738,0.25828391],[0.82974910,0.00378240],[0.08781362,1.23900629],
[0.63978494,0.45550907],[-0.0555555,1.59130987],[0.49641577,0.80781265],
[-0.0448028,0.22316162],[0.16308243,1.61184290],[0.35304659,1.16011623],
[0.71505376,0.82834568],[0.17383512,0.24369465],[0.20967741,1.51241980],
[0.76164874,0.72892258],[0.57168458,1.18064926],[0.03046594,0.59599823],
[0.42831541,1.53295283],[-0.3028673,1.40002848],[-0.2759856,1.14552697],
[0.27598566,0.36202975],[0.43906810,0.16480458],[0.10573476,0.96883484],
[-0.4193548,1.49783055],[0.13261648,0.71433332],[-0.2007168,1.51836358],
[-0.0107526,1.06663690],[0.54121863,0.28313968],[0.35125448,0.73486635],
[0.20788530,1.08716993],[0.39784946,0.63544326],[0.78673835,0.04917120],
[0.75985663,0.30367271],[0.06451612,1.43947351],[0.61648745,0.65597629],
[0.31003584,1.20550503],[0.86200716,0.42200781],[0.16666666,1.55780861],
[0.71863799,0.77431139],[-0.0125448,0.64138703],[0.17741935,0.18966036],
[0.38530465,1.57834164],[0.57526881,1.12661497],[-0.3458781,1.44541728],
[-0.1559139,0.99369061],[0.39605734,0.21019339],[-0.4623655,1.54321935],
[-0.2992831,1.34599419],[0.25268817,0.56249697],[0.06272401,1.01422364],
[-0.0806451,1.36652722],[-0.0537634,1.11202571],[0.49820788,0.32852849],
[-0.1971326,1.46432928],[0.35483870,0.68083206],[0.16487455,1.13255874],
[0.32795698,0.93533357],[0.02150537,1.48486232],[0.21146953,1.03313564],
[0.76344086,0.24963842],[0.57347670,0.70136509],[0.03225806,0.11671406],
[0.43010752,1.05366867],[-0.1111111,0.46901764],[0.12365591,1.60319741],
[0.67562724,0.81970019],[0.28673835,1.40597225],[0.13440860,0.23504916],
[0.53225806,1.17200377],[-0.1989247,1.03907941],[-0.0089605,0.58735274],
[0.35304659,0.25558219],[-0.0358422,0.84185425],[-0.3422939,1.39138299],
[-0.1523297,0.93965632],[0.39964157,0.15615910],[0.20967741,0.60788577],
[-0.1236559,1.41191602],[0.06630824,0.96018935],[0.61827956,0.17669213],
[-0.0770609,1.31249293],[0.47491039,0.52899571],[-0.2401433,1.50971809],
[0.31182795,0.72622087],[0.14157706,1.33302596],[0.16845878,1.07852445],
[0.72043010,0.29502722],[-0.0107526,0.16210287],[0.38709677,1.09905748],
[0.57706093,0.64733080],[-0.1541218,0.51440645],[0.03584229,0.06267977],
[0.24372759,1.45136106],[0.79569892,0.66786383],[0.25448028,0.08321280],
[0.65232974,1.02016741],[-0.0788530,0.88724306],[0.11111111,0.43551638],
[-0.0519713,0.63274154],[-0.2222222,1.23954663],[0.32974910,0.45604941],
[-0.1953405,0.98504512],[0.35663082,0.20154790],[0.02329749,1.00557815],
[0.21326164,0.55385148],[0.57526881,0.22208093],[-0.1200716,1.35788173],
[0.43189964,0.57438451],[0.62186379,0.12265784],[0.09856630,1.37841476],
[0.28853046,0.92668809],[0.84050179,0.14319087],[0.53405017,0.69271961],
[-0.0340501,0.36257009],[-0.0071684,0.10806858],[0.21146953,0.12860161],
[0.60931899,1.06555622],[-0.1218637,0.93263186],[0.06810035,0.48090519],
[0.46594982,1.41785979],[-0.2652329,1.28493544],[-0.0752688,0.83320876],
[0.47670250,0.04971154],[0.28673835,0.50143822],[-0.4086021,1.63723902],
[0.14336917,0.85374180],[-0.3817204,1.38273751],[0.17025089,0.59924028],
[0.0,1.20604537],[0.02688172,0.95154386],[0.57885304,0.16804664],
[-0.1630824,1.40327054],[0.38888888,0.61977331],[0.24551971,0.97207689],
[0.43548387,0.52035022],[0.79749103,0.18857967],[0.10215053,1.32438047],
[0.65412186,0.54088325],[-0.0770609,0.40795889],[0.51075268,0.89318683],
[-0.2204301,0.76026247],[0.02508960,0.52629399],[0.21505376,0.07456732],
[0.18817204,0.32906883],[0.42293906,1.46324860],[-0.1182795,0.87859757],
[0.07168458,0.42687090],[0.43369175,0.09510035],[-0.2616487,1.23090115],
[0.29032258,0.44740393],[0.10035842,0.89913060],[-0.4050179,1.58320473],
[-0.0161290,0.99693267],[0.53584229,0.21343545],[0.14695340,0.79970750],
[0.69892473,0.01621028],[-0.0430107,1.25143418],[0.56093189,1.34275213],
[-0.1863799,1.60373776],[0.36559139,0.82024053],[0.39247311,0.56573902],
[0.05913978,1.36976928],[0.61111111,0.58627205],[0.80107526,0.13454538],
[0.06989247,0.00162102],[0.46774193,0.93857563],[-0.0734767,0.35392460],
[0.28853046,0.02215405],[0.32437275,1.29087921],[0.14516129,0.37445763],
[0.17204301,0.11995612],[0.73297491,0.85968557],[0.00179211,0.72676121],
[0.02867383,0.47225970],[-0.3046594,1.27628995],[0.24731182,0.49279273],
[0.43727598,0.04106606],[-0.4480286,1.62859353],[0.10394265,0.84509631],
[0.65591397,0.06159909],[-0.0860215,1.29682298],[-0.2293906,1.64912656],
[-0.0394265,1.19739989],[0.51254480,0.41390267],[0.17921146,1.21793292],
[0.75806451,0.17993418],[0.03584229,1.57023650],[-0.1164874,0.39931341],
[0.28136200,1.33626801],[-0.2867383,1.00611850],[0.10215053,0.41984644],
[0.68996415,0.90507437],[-0.0412186,0.77215002],[0.14874551,0.32042334],
[-0.1845878,1.12445359],[0.36738351,0.34095637],[0.39426523,0.08645486],
[-0.3279569,1.47675717],[0.06093189,0.89048511],[0.61290322,0.10698789],
[0.22401433,0.69325995],[-0.0824372,1.24278869],[0.46953405,0.45929147],
[-0.2258064,1.59509227],[0.32616487,0.81159505],[0.87813620,0.02809783],
[0.13620071,1.26332172],[-0.0071684,1.61562530],[0.18279569,1.16389863],
[0.73476702,0.38040140],[0.00358422,0.24747705],[-0.1397849,0.59978063],
[0.24910394,0.01350857],[0.25806451,1.53673524],[0.64695340,0.95046318],
[0.10573476,0.36581215],[-0.2275985,1.16984240],[-0.0376344,0.71811572],
[0.32437275,0.38634518],[-0.3709677,1.52214598],[-0.1810035,1.07041930],
[0.37096774,0.28692208],[0.18100358,0.73864875],[0.03763440,1.09095233],
[0.64157706,1.18227029],[-0.2688172,1.64048107],[0.28315412,0.85698385],
[0.83512544,0.07348663],[0.13978494,1.20928743],[0.69175627,0.42579021],
[-0.0394265,0.29286585],[0.54838709,0.77809379],[-0.1827956,0.64516943],
[0.21505376,1.58212404],[0.22580645,0.21397579],[0.82974910,0.30529374],
[-0.0806451,0.76350453],[0.35304659,1.46162757],[-0.2240143,1.11580811],
[0.32795698,0.33231089],[-0.4139784,1.56753478],[0.13799283,0.78403756],
[-0.0053763,1.13634114],[0.18458781,0.68461446],[0.59856630,1.22765909],
[-0.1487455,1.48864472],[0.40322580,0.70514749],[0.25985663,1.05745107],
[0.09677419,1.25467624],[0.50537634,0.82348259],[-0.0358422,0.23883156],
[0.18279569,0.25936459],[0.78673835,0.35068254],[0.03942652,0.61166817],
[0.31003584,1.50701637],[-0.2670250,1.16119691],[0.28494623,0.37769969],
[-0.1039426,0.96397175],[0.44802867,0.18047453],[0.14157706,0.73000327],
[-0.1917562,1.53403352],[0.55017921,0.29880963],[0.21684587,1.10283988],
[0.07347670,1.45514346],[-0.0788530,0.28422037],[0.08422939,0.08699520],
[-0.2491039,0.89102546],[-0.0035842,0.65705698],[0.18637992,0.20533030],
[-0.1469534,1.00936055],[0.04301075,0.55763388],[0.40501792,0.22586333],
[-0.2903225,1.36166413],[0.26164874,0.57816691],[0.53225806,1.47351511],
[0.50716845,0.34419843],[0.03046594,1.50053226],[0.04121863,0.13238401],
[-0.1021505,0.48468759],[0.29569892,1.42164219],[0.16845878,1.38003579],
[0.14336917,0.25071911],[-0.1899641,1.05474936],[0.0,0.60302268],
[0.36200716,0.27125214],[0.57706093,0.94884215],[-0.3333333,1.40705294],
[0.21863799,0.62355571],[0.40860215,0.17182904],[0.48924731,1.51890392],
[0.07526881,0.97585929],[-0.0681003,1.32816287],[0.48387096,0.54466565],
[0.21326164,0.85536282],[-0.0017921,0.17777281],[-0.1451612,0.53007639],
[0.04480286,0.07834972],[0.12544802,1.42542460],[0.26344086,0.09888275],
[0.86738351,0.19020070],[0.53405017,0.99423095],[0.12007168,0.45118633],
[-0.0430107,0.64841149],[0.39068100,1.34653453],[0.36559139,0.21721785],
[0.03225806,1.02124810],[0.63620071,1.11256605],[-0.1111111,1.37355168],
[0.29749103,0.94235803],[0.17025089,0.90075163],[0.57885304,0.46955799],
[0.00179211,0.12373852],[0.98745519,0.03836434],[0.22043010,0.14427155],
[0.82437275,0.23558950],[0.07706093,0.49657513],[0.34767025,1.39192333],
[-0.0663082,0.84887871],[0.48566308,0.06538149],[-0.3996415,1.65290896],
[-0.1541218,1.41894048],[0.25448028,0.98774684],[-0.0161290,1.29844401],
[0.53584229,0.51494679],[-0.2114695,0.77593242],[0.39247311,0.86725037],
[0.94444444,0.08375315],[0.24910394,1.21955395],[0.80107526,0.43605672],
[0.03405017,0.54196394],[-0.1093189,0.89426751],[0.44265232,0.11077029],
[0.32437275,1.59239055],[-0.2526881,1.24657109],[0.29928315,0.46307387],
[0.56989247,1.35842207],[0.15591397,0.81537745],[0.43727598,0.34257740],
[0.07885304,0.01729097],[-0.0394265,1.49891123],[0.34946236,0.91263917],
[-0.0645161,0.36959455],[0.90143369,0.12914195],[0.20609318,1.26494275],
[-0.2078853,0.72189812],[0.75806451,0.48144553],[0.06272401,1.61724633],
[0.61469534,0.83374911],[0.28136200,1.63777936],[-0.2956989,1.29195990],
[0.25627240,0.50846267],[0.47132616,1.18605269],[0.11290322,0.86076625],
[0.52150537,0.42957261],[0.39426523,0.38796621],[0.25089605,0.74026978],
[-0.0824372,1.54430004],[-0.1075268,0.41498335],[0.32616487,1.11310639],
[0.90501792,0.07510766],[0.57168458,0.87913791],[0.15770609,0.33609329],
[0.42831541,1.23144149],[-0.3189964,1.49242712],[0.06989247,0.90615506],
[0.28494623,1.58374507],[0.50358422,1.60427810],[0.20788530,0.78565859],
[0.75985663,0.00216137],[-0.1254480,1.58968884],[0.61648745,0.35446494],
[0.28315412,1.15849520],[-0.1308243,0.61545057],[0.47311827,0.70676852],
[0.25806451,0.02917851],[0.13978494,1.51079878],[0.69175627,0.72730155],
[0.11469534,0.38148209],[0.38530465,1.27683029],[0.54838709,1.07960513],
[-0.3620071,1.53781592],[0.24193548,1.62913387],[0.46057347,1.64966690],
[0.50716845,1.55024381],[-0.2240143,1.41731945],[0.18458781,0.98612581],
[0.02150537,1.18335097],[0.57347670,0.39985375],[-0.1738351,0.66083938],
[0.01612903,0.20911270],[0.43010752,0.75215733],[0.09677419,1.55618758],
[0.28673835,1.10446091],[0.83870967,0.32096368],[0.64874551,0.77269036],
[0.14336917,1.45676448],[0.69534050,0.67326726],[0.50537634,1.12499394],
[0.36200716,1.47729751],[0.20967741,0.30637443],[0.60752688,1.24332903],
[0.46415770,1.59563261],[-0.2670250,1.46270826],[0.47491039,0.22748436],
[0.14157706,1.03151461],[-0.0017921,1.38381819],[0.55017921,0.60032097],
[-0.0268817,0.25450151],[0.24372759,1.14984971],[0.79569892,0.36635249],

