[0. 0.],[0.05417957 0.01267082],[0.10835913 0.02534165],
[0.1625387  0.03801247],[0.21671827 0.0506833 ],[0.27089783 0.06335412],
[0.3250774  0.07602495],[0.37925697 0.08869577],[0.43343653 0.1013666 ],
[0.4876161  0.11403742],[0.54179567 0.12670825],[0.59597523 0.13937907],
[0.6501548 0.1520499],[0.70433437 0.16472072],[0.75851393 0.17739155],
[0.8126935  0.19006237],[0.86687307 0.2027332 ],[0.92105263 0.21540402],
[-0.0247678   0.22807485],[0.02941176 0.24074567],[0.08359133 0.25341649],
[0.1377709  0.26608732],[0.19195046 0.27875814],[0.24613003 0.29142897],
[0.3003096  0.30409979],[0.35448916 0.31677062],[0.40866873 0.32944144],
[0.4628483  0.34211227],[0.51702786 0.35478309],[0.57120743 0.36745392],
[0.625387   0.38012474],[0.67956656 0.39279557],[0.73374613 0.40546639],
[0.7879257  0.41813722],[0.84210526 0.43080804],[0.89628483 0.44347887],
[-0.0495356   0.45614969],[0.00464396 0.46882051],[0.05882353 0.48149134],
[0.1130031  0.49416216],[0.16718266 0.50683299],[0.22136223 0.51950381],
[0.2755418  0.53217464],[0.32972136 0.54484546],[0.38390093 0.55751629],
[0.4380805  0.57018711],[0.49226006 0.58285794],[0.54643963 0.59552876],
[0.6006192  0.60819959],[0.65479876 0.62087041],[0.70897833 0.63354124],
[0.76315789 0.64621206],[0.81733746 0.65888289],[0.87151703 0.67155371],
[-0.07430341  0.68422454],[-0.02012384  0.69689536],[0.03405573 0.70956618],
[0.08823529 0.72223701],[0.14241486 0.73490783],[0.19659443 0.74757866],
[0.25077399 0.76024948],[0.30495356 0.77292031],[0.35913313 0.78559113],
[0.41331269 0.79826196],[0.46749226 0.81093278],[0.52167183 0.82360361],
[0.57585139 0.83627443],[0.63003096 0.84894526],[0.68421053 0.86161608],
[0.73839009 0.87428691],[0.79256966 0.88695773],[0.84674923 0.89962856],
[-0.09907121  0.91229938],[-0.04489164  0.9249702 ],[0.00928793 0.93764103],
[0.06346749 0.95031185],[0.11764706 0.96298268],[0.17182663 0.9756535 ],
[0.22600619 0.98832433],[0.28018576 1.00099515],[0.33436533 1.01366598],
[0.38854489 1.0263368 ],[0.44272446 1.03900763],[0.49690402 1.05167845],
[0.55108359 1.06434928],[0.60526316 1.0770201 ],[0.65944272 1.08969093],
[0.71362229 1.10236175],[0.76780186 1.11503258],[0.82198142 1.1277034 ],
[-0.12383901  1.14037423],[-0.06965944  1.15304505],[-0.01547988  1.16571587],
[0.03869969 1.1783867 ],[0.09287926 1.19105752],[0.14705882 1.20372835],
[0.20123839 1.21639917],[0.25541796 1.22907   ],[0.30959752 1.24174082],
[0.36377709 1.25441165],[0.41795666 1.26708247],[0.47213622 1.2797533 ],
[0.52631579 1.29242412],[0.58049536 1.30509495],[0.63467492 1.31776577],
[0.68885449 1.3304366 ],[0.74303406 1.34310742],[0.79721362 1.35577825],
[-0.14860681  1.36844907],[-0.09442724  1.38111989],[-0.04024768  1.39379072],
[0.01393189 1.40646154],[0.06811146 1.41913237],[0.12229102 1.43180319],
[0.17647059 1.44447402],[0.23065015 1.45714484],[0.28482972 1.46981567],
[0.33900929 1.48248649],[0.39318885 1.49515732],[0.44736842 1.50782814],
[0.50154799 1.52049897],[0.55572755 1.53316979],[0.60990712 1.54584062],
[0.66408669 1.55851144],[0.71826625 1.57118227],[0.77244582 1.58385309],
[-0.17337461  1.59652392],[-0.11919505  1.60919474],[-0.06501548  1.62186556],
[-0.01083591  1.63453639],[0.04334365 1.64720721],[0.09752322 1.65987804],
[0.15170279 1.67254886],[0.20588235 1.68521969],[0.26006192 1.69789051],
[0.31424149 1.71056134],[0.36842105 1.72323216],[0.42260062 1.73590299],
[0.47678019 1.74857381],[0.53095975 1.76124464],[0.58513932 1.77391546],
[0.63931889 1.78658629],[0.69349845 1.79925711],[0.74767802 1.81192794],
[-0.19814241  1.82459876],[-0.14396285  1.83726959],[-0.08978328  1.84994041],
[-0.03560372  1.86261123],[0.01857585 1.87528206],[0.07275542 1.88795288],
[0.12693498 1.90062371],[0.18111455 1.91329453],[0.23529412 1.92596536],
[0.28947368 1.93863618],[0.34365325 1.95130701],[0.39783282 1.96397783],
[0.45201238 1.97664866],[0.50619195 1.98931948],[0.56037152 2.00199031],
[0.61455108 2.01466113],[0.66873065 2.02733196],[0.72291022 2.04000278],
[-0.22291022  2.05267361],[-0.16873065  2.06534443],[-0.11455108  2.07801525],
[-0.06037152  2.09068608],[-0.00619195  2.1033569 ],[0.04798762 2.11602773],
[0.10216718 2.12869855],[0.15634675 2.14136938],[0.21052632 2.1540402 ],
[0.26470588 2.16671103],[0.31888545 2.17938185],[0.37306502 2.19205268],
[0.42724458 2.2047235 ],[0.48142415 2.21739433],[0.53560372 2.23006515],
[0.58978328 2.24273598],[0.64396285 2.2554068 ],[0.69814241 2.26807763],
[-0.24767802  2.28074845],[-0.19349845  2.29341928],[-0.13931889  2.3060901 ],
[-0.08513932  2.31876092],[-0.03095975  2.33143175],[0.02321981 2.34410257],
[0.07739938 2.3567734 ],[0.13157895 2.36944422],[0.18575851 2.38211505],
[0.23993808 2.39478587],[0.29411765 2.4074567 ],[0.34829721 2.42012752],
[0.40247678 2.43279835],[0.45665635 2.44546917],[0.51083591 2.45814   ],
[0.56501548 2.47081082],[0.61919505 2.48348165],[0.67337461 2.49615247],
[-0.27244582  2.5088233 ],[-0.21826625  2.52149412],[-0.16408669  2.53416494],
[-0.10990712  2.54683577],[-0.05572755  2.55950659],[-1.54798762e-03  2.57217742e+00],
[0.05263158 2.58484824],[0.10681115 2.59751907],[0.16099071 2.61018989],
[0.21517028 2.62286072],[0.26934985 2.63553154],[0.32352941 2.64820237],
[0.37770898 2.66087319],[0.43188854 2.67354402],[0.48606811 2.68621484],
[0.54024768 2.69888567],[0.59442724 2.71155649],[0.64860681 2.72422732],
[-0.29721362  2.73689814],[-0.24303406  2.74956897],[-0.18885449  2.76223979],
[-0.13467492  2.77491061],[-0.08049536  2.78758144],[-0.02631579  2.80025226],
[0.02786378 2.81292309],[0.08204334 2.82559391],[0.13622291 2.83826474],
[0.19040248 2.85093556],[0.24458204 2.86360639],[0.29876161 2.87627721],
[0.35294118 2.88894804],[0.40712074 2.90161886],[0.46130031 2.91428969],
[0.51547988 2.92696051],[0.56965944 2.93963134],[0.62383901 2.95230216],
[-0.32198142  2.96497299],[-0.26780186  2.97764381],[-0.21362229  2.99031463],
[-0.15944272  3.00298546],[-0.10526316  3.01565628],[-0.05108359  3.02832711],
[0.00309598 3.04099793],[0.05727554 3.05366876],[0.11145511 3.06633958],
[0.16563467 3.07901041],[0.21981424 3.09168123],[0.27399381 3.10435206],
[0.32817337 3.11702288],[0.38235294 3.12969371],[0.43653251 3.14236453],
[0.49071207 3.15503536],[0.54489164 3.16770618],[0.59907121 3.18037701],
[-0.34674923  3.19304783],[-0.29256966  3.20571866],[-0.23839009  3.21838948],
[-0.18421053  3.2310603 ],[-0.13003096  3.24373113],[-0.07585139  3.25640195],
[-0.02167183  3.26907278],[0.03250774 3.2817436 ],[0.08668731 3.29441443],
[0.14086687 3.30708525],[0.19504644 3.31975608],[0.24922601 3.3324269 ],
[0.30340557 3.34509773],[0.35758514 3.35776855],[0.41176471 3.37043938],
[0.46594427 3.3831102 ],[0.52012384 3.39578103],[0.57430341 3.40845185],
[-0.37151703  3.42112268],[-0.31733746  3.4337935 ],[-0.26315789  3.44646432],
[-0.20897833  3.45913515],[-0.15479876  3.47180597],[-0.1006192  3.4844768],
[-0.04643963  3.49714762],[0.00773994 3.50981845],[0.0619195  3.52248927],
[0.11609907 3.5351601 ],[0.17027864 3.54783092],[0.2244582  3.56050175],
[0.27863777 3.57317257],[0.33281734 3.5858434 ],[0.3869969  3.59851422],
[0.44117647 3.61118505],[0.49535604 3.62385587],[0.5495356 3.6365267],
[-0.39628483  3.64919752],[-0.34210526  3.66186835],[-0.2879257   3.67453917],
[-0.23374613  3.68720999],[-0.17956656  3.69988082],[-0.125387    3.71255164],
[-0.07120743  3.72522247],[-0.01702786  3.73789329],[0.0371517  3.75056412],
[0.09133127 3.76323494],[0.14551084 3.77590577],[0.1996904  3.78857659],
[0.25386997 3.80124742],[0.30804954 3.81391824],[0.3622291  3.82658907],
[0.41640867 3.83925989],[0.47058824 3.85193072],[0.5247678  3.86460154],
[-0.42105263  3.87727237],[-0.36687307  3.88994319],[-0.3126935   3.90261402],
[-0.25851393  3.91528484],[-0.20433437  3.92795566],[-0.1501548   3.94062649],
[-0.09597523  3.95329731],[-0.04179567  3.96596814],[0.0123839  3.97863896],
[0.06656347 3.99130979],[0.12074303 4.00398061],[0.1749226  4.01665144],
[0.22910217 4.02932226],[0.28328173 4.04199309],[0.3374613  4.05466391],
[0.39164087 4.06733474],[0.44582043 4.08000556],
