[-0.0384257,1.16705568],[-0.2313294,1.33117288],[-0.1994112,1.34603123],
[0.94298109,0.18505396],[-0.0808800,1.61280611],[-0.0489618,1.62766446],
[-0.0170436,1.64252281],[-0.2149054,1.25417963],[-0.1829872,1.26903797],
[0.92748682,0.09320236],[0.95940502,0.10806071],[-0.0644561,1.53581285],
[-0.0325379,1.55067120],[-0.0006197,1.56552955],[0.11791137,1.83230443],
[-0.2892779,1.68507171],[-0.2573597,1.69993006],[-0.2254415,1.71478841],
[-0.1984815,1.17718637],[-0.1069104,1.98156329],[-0.0749922,1.99642164],
[0.50821196,2.14095284],[0.94391075,0.01620910],[0.97582894,0.03106745],
[0.13588472,0.02093676],[0.16780291,0.03579511],[-0.0480322,1.45881960],
[0.75100712,0.18032631],[-0.2728540,1.60807846],[-0.2409358,1.62293680],
[-0.2090176,1.63779515],[-0.0904865,1.90457003],[-0.0585683,1.91942838],
[0.52463588,2.06395958],[-0.2514719,2.08354559],[-0.2564301,1.53108520],
[-0.0086767,0.12291905],[-0.2245119,1.54594355],[-0.1925937,1.56080189],
[-0.0740625,1.82757678],[-0.0421444,1.84243512],[0.88596219,0.37010793],
[-0.2988844,1.97683563],[-0.2669662,1.99169398],[-0.2350480,2.00655233],
[-0.2400061,1.45409194],[0.00774713,0.04592580],[0.90238611,0.29311467],
[0.12627827,0.31270068],[0.70948249,0.45723188],[0.74140068,0.47209023],
[-0.2824604,1.89984238],[-0.2505422,1.91470072],[-0.2186241,1.92955907],
[-0.4434459,2.07881793],[0.91881004,0.21612142],[0.14270220,0.23570742],
[0.72590641,0.38023862],[-0.0502014,0.39982463],[-0.2660365,1.82284912],
[-0.2341183,1.83770747],[-0.0836690,2.11934070],[-0.4270220,2.00182467],
[0.15912612,0.15871416],[0.74233033,0.30324537],[-0.0656956,0.30797302],
[-0.0337775,0.32283137],[0.69987604,0.74899580],[0.73179423,0.76385415],
[0.75875426,0.22625211],[-0.0492717,0.23097977],[0.53393244,0.37551097],
[0.87728540,0.49302699],[-0.2756430,2.11461304],[0.68438177,0.65714420],
[0.71629996,0.67200254],[-0.0917260,0.67673020],[-0.0328478,0.15398651],
[0.55035636,0.29851771],[0.70080570,0.58015094],[0.73272389,0.59500929],
[-0.0753021,0.59973694],[0.50790207,0.74426814],[0.56678029,0.22152445],
[0.65835140,1.02590137],[0.69026960,1.04075972],[0.71722962,0.50315768],
[-0.4676169,2.10988538],[-0.4356987,2.12474373],[0.49240780,0.65241654],
[0.52432599,0.66727489],[0.67477533,0.94890812],[0.70669352,0.96376646],
[0.51378989,1.12788367],[0.50883173,0.57542328],[0.54074992,0.59028163],
[0.31592810,0.73954049],[0.65928106,0.85705651],[0.69119925,0.87191486],
[0.72311744,0.88677321],[0.46637744,1.02117372],[0.49829563,1.03603206],
[0.52525565,0.49843003],[0.64874496,1.31766529],[0.67570498,0.78006325],
[0.33235202,0.66254723],[0.45088317,0.92932211],[0.48280136,0.94418046],
[0.51471955,0.95903881],[0.66516888,1.24067204],[0.34877595,0.58555397],
[0.46730709,0.85232886],[0.49922528,0.86718720],[0.53114347,0.88204555],
[0.64967462,1.14882043],[0.68159281,1.16367878],[0.27440347,1.01644606],
[0.30632166,1.03130441],[0.42485280,1.29807929],[0.45677099,1.31293764],
[0.48868918,1.32779599],[0.48373101,0.77533560],[0.51564920,0.79019395],
[0.29082739,0.93945280],[0.32274558,0.95431115],[0.44127672,1.22108603],
[0.47319491,1.23594438],[0.50511310,1.25080273],[0.30725131,0.86245955],
[0.33916950,0.87731790],[0.45770065,1.14409278],[0.48961884,1.15895112],
[0.52153703,1.17380947],[0.11434769,1.02657675],[0.64006817,1.44058435],
[0.23287883,1.29335163],[0.26479702,1.30820998],[0.29671521,1.32306833],
[0.41524635,1.58984321],[0.44716454,1.60470156],[0.32367524,0.78546629],
[0.47412457,1.06709952],[0.13077161,0.94958350],[0.24930275,1.21635838],
[0.28122094,1.23121672],[0.31313913,1.24607507],[0.43167028,1.51284995],
[0.46358847,1.52770830],[0.27068484,1.69182551],[0.26572668,1.13936512],
[0.29764487,1.15422347],[0.32956306,1.16908182],[0.44809420,1.43585670],
[0.48001239,1.45071504],[0.07282305,1.30348233],[0.10474124,1.31834067],
[0.13170127,0.78073863],[0.22327238,1.58511555],[0.25519057,1.59997390],
[0.28710876,1.61483225],[0.28215060,1.06237186],[0.40563991,1.88160713],
[0.08924697,1.22648907],[0.12116516,1.24134742],[0.27161450,1.52298065],
[0.23969631,1.50812230],[0.42206383,1.80461387],[0.07871087,1.68709785],
[0.22916021,1.96873108],[0.10567090,1.14949581],[0.25612023,1.43112904],
[0.28803842,1.44598739],[-0.1191509,1.29875467],[0.47195537,0.00810455],
[0.43848775,1.72762062],[0.03129841,1.58038790],[0.06321660,1.59524625],
[0.09513480,1.61010459],[0.21366594,1.87687948],[0.24558413,1.89173782],
[0.09017663,1.05764421],[0.24062596,1.33927744],[-0.1027269,1.22176141],
[0.04772234,1.50339464],[0.07964053,1.51825299],[0.23008986,1.79988622],
[-0.0863030,1.14476816],[0.03718624,1.96400342],[0.06414626,1.42640138],
[0.09606445,1.44125973],[0.24651378,1.72289296],[-0.1606755,1.57566024],
[-0.1287573,1.59051859],[0.02169197,1.87215182],[0.05361016,1.88701017],
[0.04865199,1.33454978],[0.20405949,2.16864340],[-0.1442516,1.49866699],
[-0.1123334,1.51352533],[0.03811589,1.79515856],[0.07003408,1.81001691],
[-0.1228695,1.97413412],[-0.1278277,1.42167373],[0.11992562,0.01350758],
[-0.0959095,1.43653208],[0.02262162,1.70330696],[0.05453982,1.71816531],
[0.08645801,1.73302365],[-0.3207313,1.58579093],[-0.1702819,1.86742416],
[-0.1383638,1.88228251],[-0.1114037,1.34468047],[0.01208552,2.16391574],
[0.03904555,1.62631370],[-0.3043074,1.50879768],[0.25488069,0.20328921],
[-0.1538580,1.79043091],[-0.1857762,1.77557256],[-0.1219398,1.80528925],
[0.83808490,0.34782041],[0.02850945,2.08692248],[-0.2878834,1.43180442],
[0.27130461,0.12629595],[-0.1693523,1.69857930],[-0.1374341,1.71343765],
[-0.1055159,1.72829600],[0.85450883,0.27082715],[0.07840099,0.29041316],
[0.01301518,1.99507088],[0.04493337,2.00992923],[-0.3622559,1.86269651],
[-0.3303377,1.87755485],[-0.1798884,2.15918808],[0.25581035,0.03444435],
[0.28772854,0.04930269],[-0.1479702,2.17404643],[-0.1529284,1.62158604],
[0.87093275,0.19383390],[0.06290672,0.19856155],[0.09482491,0.21341990],
[-0.3458320,1.78570325],[-0.3139138,1.80056160],[-0.1953827,2.06733648],
[-0.1634645,2.08219483],[-0.1315463,2.09705317],[0.79656027,0.62472598],
[0.82847846,0.63958433],[0.04741245,0.10670995],[0.07933064,0.12156830],
[0.11124883,0.13642664],[-0.3294081,1.70870999],[-0.2974899,1.72356834],
[-0.1789587,1.99034322],[-0.1470405,2.00520157],[0.81298419,0.54773273],
[0.84490238,0.56259107],[0.03687635,0.56731873],[-0.3718624,2.15446043],
[0.06383638,0.02971669],[0.09575457,0.04457504],[-0.4037806,2.13960208],
[-0.3399442,2.16931878],[0.24620390,0.32620827],[0.82940811,0.47073947],
[0.02138208,0.47546712],[0.05330027,0.49032547],[0.86132630,0.48559782],
[-0.3873566,2.06260882],[-0.3554384,2.07746717],[-0.3235202,2.09232552],
[0.63650449,0.63485667],[0.78695382,0.91648990],[0.84583204,0.39374621],
[0.03780601,0.39847387],[0.06972420,0.41333222],[-0.3709327,1.98561557],
[-0.3390145,2.00047391],[-0.3070963,2.01533226],[0.65292841,0.55786342],
[0.77145955,0.82463830],[0.80337775,0.83949665],[0.05422993,0.32148061],
[0.63743414,0.46601181],[0.78788348,0.74764504],[0.81980167,0.76250339],
[0.01177564,0.76723105],[0.59497985,0.91176225],[0.62689804,0.92662059],
[0.65385807,0.38901856],[0.80430740,0.67065178],[0.02819956,0.69023779],
[0.61140378,0.83476899],[0.60086767,1.29537777],[0.59590951,0.74291739],
[0.62782770,0.75777573],[0.40300588,0.90703459],[0.55345522,1.18866782],
[0.58537341,1.20352617],[0.61729160,1.21838452],[0.61233343,0.66592413],
[0.76278277,0.94755736],[0.41942981,0.83004133],[0.56987914,1.11167456],
[0.60179733,1.12653291],[0.43585373,0.75304808],[0.55438487,1.01982296],
[0.58630306,1.03468131],[0.61822125,1.04953965],[0.36148125,1.18394016],
[0.39339944,1.19879851],[0.45227765,0.67605482],[0.54384877,1.48043174],
[0.57576696,1.49529009],[0.57080880,0.94282970],[0.60272699,0.95768805],
[0.37790517,1.10694691],[0.40982336,1.12180525],[0.59219088,1.41829683],
[0.56027269,1.40343848],[0.39928726,1.58241404],[0.39432909,1.02995365],
[0.42624728,1.04481200],[0.54477843,1.31158688],[0.57669662,1.32644523],
[0.60861481,1.34130357],[0.20142547,1.19407086],[0.35187480,1.47570408],
[0.38379299,1.49056243],[0.41075302,0.95296039],[0.53424233,1.77219566],
[0.56120235,1.23459362],[0.21784939,1.11707760],[0.33638053,1.38385248],
[0.36829872,1.39871083],[0.40021691,1.41356918],[0.55066625,1.69520240],
[0.23427331,1.04008434],[0.35776262,1.85931961],[0.35280446,1.30685922],
[0.38472265,1.32171757],[0.41664084,1.33657592],[0.15990083,1.47097643],
[0.19181902,1.48583478],[0.53517198,1.60335080],[0.56709017,1.61820915],
[0.21877905,0.94823274],[0.34226836,1.76746800],[0.37418655,1.78232635],
[0.36922838,1.22986597],[0.02587542,1.11234994],[0.17632475,1.39398317],
[0.20824295,1.40884152],[0.32677409,1.67561640],[0.35869228,1.69047475],
[0.16578865,1.85459195],[0.19274868,1.31698991],[0.22466687,1.33184826],
[0.31623799,2.13622518],[0.34319801,1.59862314],[0.37511620,1.61348149],
[-0.0001549,1.48110712],[0.11837620,1.74788200],[0.15029439,1.76274035],
[0.18221258,1.77759870],[0.52556554,1.89511472],[0.17725441,1.22513831],
[0.33266191,2.05923193],[0.01626898,1.40411386],[-0.0156492,1.38925552],
[0.54353889,0.08374705],[0.13480012,1.67088874],[0.16671831,1.68574709],
[0.19863650,1.70060544],[0.31716764,1.96738032],[0.00077471,1.31226226],
[0.55996281,0.00675379],[0.15122404,1.59389549],[0.18314223,1.60875384],
[0.21506042,1.62361218],[-0.1921289,1.47637946],[-0.0416795,1.75801269],
[-0.0097613,1.77287104],[0.33359157,1.89038706],[0.01719863,1.23526900],
[0.10876975,2.03964592],[0.14068794,2.05450427],[0.35156492,0.07901939],
[0.38348311,0.09387774],[-0.0571738,1.66616109],[-0.0252556,1.68101944],
[0.00666253,1.69587778],[0.12519367,1.96265266],[0.15711186,1.97751101],
[-0.0357917,2.14162822],[0.36798884,0.00202613],[0.39990703,0.01688448],
[-0.0407499,1.58916783],[-0.0088317,1.60402618],[0.20700340,0.18100169],
[-0.2336535,1.75328504],[0.14161760,1.88565941],[0.17353579,1.90051776],
[-0.0832042,2.03491827],[-0.0512860,2.04977661],[-0.0193678,2.06463496],
[-0.0243259,1.51217457],[0.15959095,0.07429173],[0.19150914,0.08915008],
[0.22342733,0.10400843],[-0.2172296,1.67629178],[0.34195847,0.37078331],
[-0.0667802,1.95792501],[-0.0348621,1.97278336],[-0.0029439,1.98764170],
[-0.2277657,2.13690056],[0.20793306,0.01215683],[-0.2008057,1.59929852],
[0.35838239,0.29379005],[0.01502943,0.17627403],[-0.0822745,1.86607340],
[0.16547877,0.45790726],[-0.0503563,1.88093175],[-0.0184381,1.89579010],
[-0.2751781,2.03019061],[-0.2432599,2.04504896],[0.13201115,2.17742333],
[0.37480632,0.21679680],[-0.0004648,0.08442243],[-0.0658506,1.78908015],
[0.14998450,0.36605565],[0.18190269,0.38091400],[-0.2587542,1.95319735],
[-0.2268360,1.96805570],[0.01595909,0.00742917],[0.16640842,0.28906240],
[0.19832661,0.30392075],[-0.2423303,1.87620410],[-0.0264951,0.45317960],
[-0.2104121,1.89106244],[-0.4352339,2.04032130],[0.12395413,0.73481283],
[-0.0918810,2.15783732],[-0.0599628,2.17269567],[0.15091416,0.19721079],
[0.18283235,0.21206914],[0.76603656,0.35660034],[-0.0419894,0.36132800],
[-0.0100712,0.37618635],[-0.4188100,1.96332804],[0.14037806,0.65781958],
[0.72358227,0.80235078],[-0.0574837,0.26947639],[-0.0255655,0.28433474],
[0.00635264,0.29919309],[-0.4023861,1.88633479],[0.15680198,0.58082632],
[0.74000619,0.72535752],[-0.2838549,2.15310967],[-0.2519367,2.16796802],
[-0.0410598,0.19248314],[-0.0091416,0.20734148],[0.02277657,0.22219983],
[0.14130771,0.48897471],[0.72451193,0.63350592],[0.75643012,0.64836426],
[-0.0515959,0.65309192],[0.53160830,0.79762312],[-0.0246358,0.11548988],
[0.68205763,1.07925635],[0.71397582,1.09411470],[0.74093585,0.55651266],
[-0.0670901,0.56124031],[-0.0351719,0.57609866],[0.54803222,0.72062986],
[-0.4758289,2.14838201],[-0.4439107,2.16324036],[-0.4119925,2.17809871],
[0.69848156,1.00226309],[0.73039975,1.01712144],[-0.0506662,0.48424706],
[-0.0187480,0.49910541],[-0.4594050,2.07138876],[0.68298729,0.91041149],
[0.71490548,0.92526984],[0.74682367,0.94012818],[0.49008366,1.07452869],
[0.52200185,1.08938704],[0.64053300,1.35616192],[0.67245119,1.37102027],
[0.69941121,0.83341823],[-0.0766966,0.85300424],[0.50650759,0.99753544],
[0.53842578,1.01239378],[0.65695692,1.27916867],[0.68887511,1.29402701],
[-0.0602726,0.77601098],[0.52293151,0.92054218],[0.33002788,1.08465939],
[0.67338084,1.20217541],[0.70529903,1.21703376],[0.44855903,1.35143427],
[0.48047722,1.36629261],[0.51239541,1.38115096],[-0.2158351,1.42302449],
[0.53935543,0.84354892],[0.68980477,1.12518215],[0.46498295,1.27444101],
[0.49690114,1.28929936],[0.52881933,1.30415770],[0.48636504,1.74990814],
[0.48140687,1.19744775],[0.51332506,1.21230610],[0.28850325,1.36156496],
[0.43895258,1.64319819],[0.47087077,1.65805653],[0.50278896,1.67291488],
[0.49783080,1.12045450],[0.30492717,1.28457170],[0.45537651,1.56620493],
[0.48729470,1.58106328],[0.51921289,1.59592163],[0.29439107,1.74518048],
[0.32135110,1.20757844],[0.44484040,2.02681371],[0.43988224,1.47435333],
[0.68763557,0.06618718],[0.47180043,1.48921167],[0.50371862,1.50407002],
[0.24697861,1.63847053],[0.27889680,1.65332888],[0.42934614,1.93496211],
[0.46126433,1.94982046],[0.11295320,1.27984404],[0.45630616,1.39736007],
[0.26340254,1.56147727],[0.29532073,1.57633562],[0.44577006,1.85796885],
[0.47768825,1.87282720],[0.12937713,1.20285079],[0.25286643,2.02208606],
[0.27982646,1.48448402],[0.31174465,1.49934236],[0.08692283,1.64860122],
[0.43027579,1.76611725],[0.46219398,1.78097559],[0.23737217,1.93023445],
[0.26929036,1.94509280],[0.07142857,1.55674962],[0.10334676,1.57160797],
[0.66253486,0.26609950],[0.22187790,1.83838285],[0.25379609,1.85324119],
[0.28571428,1.86809954],[0.43616361,2.14973277],[0.08785249,1.47975636],
[0.11977068,1.49461471],[-0.1050511,1.64387357],[0.23830182,1.76138959],
[0.27022001,1.77624794],[0.30213820,1.79110629],[0.42066935,2.05788117],
[0.04539820,1.92550680],[0.07731639,1.94036514],[0.10427641,1.40276310],
[0.66346451,0.09725464],[-0.0886272,1.56688031],[0.47056089,0.26137184],
[0.25472575,1.68439633],[0.02990393,1.83365519],[0.06182212,1.84851354],
[0.09374031,1.86337189],[0.21227145,2.13014677],[0.24418964,2.14500512],
[0.45506662,0.16952024],[0.48698481,0.18437858],[0.04632785,1.75666193],
[0.29408118,0.34849579],[0.07824604,1.77152028],[0.11016423,1.78637863],
[-0.1465757,1.92077914],[-0.1146575,1.93563749],[0.22869538,2.05315351],
[0.26061357,2.06801186],[0.47149054,0.09252698],[0.50340873,0.10738533],
[0.06275178,1.67966868],[0.24666873,0.24178584],[0.27858692,0.25664418],
[0.31050511,0.27150253],[-0.1301518,1.84378588],[-0.0982336,1.85864423],
[0.02029748,2.12541911],[0.05221568,2.14027746],[0.08413387,2.15513581],
[0.26309265,0.16479258],[0.29501084,0.17965093],[0.32692903,0.19450928],
[-0.1137279,1.76679263],[0.10210722,0.34376813],[0.44546017,0.46128416],
[-0.3066315,1.93090983],[0.25255655,0.62540136],[0.03672141,2.04842585],
[0.06863960,2.06328420],[0.27951657,0.08779932],[0.31143476,0.10265767],
[0.05469476,0.23705818],[0.08661295,0.25191653],[0.11853114,0.26677488],
[0.46188410,0.38429090],[0.23706228,0.53354976],[0.26898047,0.54840811],
[-0.1716764,2.12069145],[-0.1397582,2.13554980],[-0.1078400,2.15040815],
[0.07111868,0.16006492],[0.10303687,0.17492327],[0.13495506,0.18978162],
[0.25348621,0.45655650],[0.28540440,0.47141485],[-0.1552525,2.04369820],
[0.09250077,0.63553205],[-0.1233343,2.05855655],[0.08754260,0.08307167],
[0.11946079,0.09793001],[0.21103191,0.90230693],[0.26991013,0.37956324],
[0.04508831,0.52882210],[0.07700650,0.54368045],[-0.3317322,2.13082215],
[0.22745584,0.82531368],[0.86953827,0.44710119],[0.06151224,0.45182884],
[0.09343043,0.46668719],[-0.3153083,2.05382889],[-0.0994731,0.63080440],
[0.24387976,0.74832042],[0.05097613,0.91243763],[0.04601797,0.35997724],
[0.07793616,0.37483559],[0.10985435,0.38969394],[-0.1149674,0.53895279],
[0.03548187,0.82058602],[0.61868608,0.96511722],[0.06244189,0.28298398],
[-0.0985435,0.46195954],[0.82801363,0.72400676],[0.05190579,0.74359276],
[0.63511000,0.88812397],[-0.1409978,0.90770997],[-0.0821196,0.38496628],
[0.00945150,1.18934320],[0.03641152,0.65174116],[0.06832971,0.66659951],
[0.65153393,0.81113071],[-0.1564920,0.81585837],[-0.1245739,0.83071671],
[0.57716145,1.24202280],[0.60907964,1.25688114],[-0.1400681,0.73886511],
[-0.1081499,0.75372346],[0.59358537,1.16502954],[0.62550356,1.17988789],
[-0.1825224,1.18461554],[-0.1236442,0.66187185],[0.02680508,0.94350508],
[0.61000929,1.08803628],[0.64192748,1.10289463],[-0.1660985,1.10762229],
[0.41710567,1.25215349],[0.53563681,1.51892837],[0.56755500,1.53378672],
[0.59947319,1.54864506],[0.62643321,1.01104303],[-0.1815928,1.01577068],
[-0.1496746,1.03062903],[0.43352959,1.17516023],[0.55206073,1.44193511],
[0.58397892,1.45679346],[0.61589711,1.47165181],[-0.1651688,0.93877742],
[-0.1332506,0.95363577],[0.56848466,1.36494186],[0.60040285,1.37980020],
[0.63232104,1.39465855],[0.37558103,1.52905906],[0.40749922,1.54391741],
[0.52603036,1.81069229],[0.55794855,1.82555064],[0.58490858,1.28794860],
[-0.1911992,1.30753460],[0.39200495,1.45206580],[0.42392314,1.46692415],
[0.54245429,1.73369903],[0.57437248,1.74855738],[0.38146885,1.91267459],
[-0.1747753,1.23054135],[0.40842888,1.37507255],[0.96761698,0.06956408],
[0.55887821,1.65670578],[0.59079640,1.67156412],[0.21552525,1.53918975],
[0.77471335,0.23368128],[0.33405639,1.80596463],[0.36597458,1.82082298],
[0.39789277,1.83568133],[0.51642392,2.10245621],[0.75921908,0.14182968],
[0.79113727,0.15668803],[0.35048032,1.72897138],[0.38239851,1.74382972],
[0.41431670,1.75868807],[0.53284784,2.02546295],[0.21645491,1.37034489],
[0.77564301,0.06483642],[0.36690424,1.65197812],[0.39882243,1.66683647],
[0.54927176,1.94846970],[0.17400061,1.81609532],[0.20591881,1.83095367],
[0.32444995,2.09772855],[0.35636814,2.11258690],[0.56724511,0.13710202],
[0.59916330,0.15196037],[0.15850635,1.72424372],[0.19042454,1.73910207],
[0.74961264,0.43359360],[0.34087387,2.02073530],[0.37279206,2.03559364],
[0.58366904,0.06010877],[0.61558723,0.07496711],[0.17493027,1.64725046],
[0.42268360,0.23908432],[0.20684846,1.66210881],[0.35729779,1.94374204],
[0.38921599,1.95860039],[-0.0179733,1.81136767],[0.13247598,2.09300090],
[0.16439417,2.10785925],[0.19631236,2.12271759],[0.19135419,1.57025721],
[0.37527114,0.13237437],[0.40718933,0.14723271],[0.34180353,1.85189044],
[-0.0015494,1.73437441],[0.55763867,0.42886594],[0.11698171,2.00114929],
[0.14889990,2.01600764],[0.18081809,2.03086599],[0.35977688,0.04052276],
[0.39169507,0.05538111],[0.42361326,0.07023946],[0.01487449,1.65738116],
[0.57406259,0.35187269],[0.13340563,1.92415604],[0.16532383,1.93901438],
[0.19724202,1.95387273],[0.38115897,0.51598989],[-0.0594979,2.08827324],
[-0.0275797,2.10313159],[0.55856832,0.26002108],[0.59048651,0.27487943],
[0.18329718,0.12764671],[0.21521537,0.14250506],[0.14982956,1.84716278],
[0.36566470,0.42413829],[0.39758289,0.43899663],[-0.0430740,2.01127998],
[-0.0111558,2.02613833],[0.19972110,0.05065345],[0.23163929,0.06551180],
[0.35017043,0.33228668],[0.38208862,0.34714503],[0.41400681,0.36200338],
[-0.0266501,1.93428673],[0.18918500,0.51126224],[0.00526805,1.94914508],
[-0.2195537,2.09840393],[0.33963433,0.79289546],[0.02324140,0.13777740],
[0.36659436,0.25529343],[0.39851255,0.27015177],[0.43043074,0.28501012],
[0.54896188,0.55178500],[0.14177254,0.40455228],[0.17369073,0.41941063],
[0.20560892,0.43426898],[-0.2031298,2.02141068],[0.35605825,0.71590221],
[0.03966532,0.06078415],[0.15819646,0.32755903],[0.19011465,0.34241737],
[0.22203284,0.35727572],[0.34056399,0.62405060],[0.37248218,0.63890895],
[-0.4115277,2.09367628],[0.17957855,0.80302616],[0.17462039,0.25056577],
[0.20653858,0.26542412],[0.23845677,0.28028247],[0.35698791,0.54705735],
[0.38890610,0.56191569],[-0.0182832,0.41468297],[0.01363495,0.42954132],
[0.13216609,0.69631620],[0.16408428,0.71117455],[0.74728850,0.85570575],
[0.19104431,0.17357251],[-0.0018593,0.33768972],[0.03005887,0.35254807],
[0.14859002,0.61932295],[0.18050821,0.63418129],[0.33095754,0.91581452],
[-0.0123954,0.79829850],[-0.0173535,0.24583811],[0.01456461,0.26069646],
[0.13805392,1.07993173],[0.16501394,0.54232969],[0.19693213,0.55718804],
[-0.2437248,2.12947139],[0.34738146,0.83882127],[-0.0598078,0.69158855],
[-0.0278896,0.70644690],[0.00402850,0.72130524],[0.12255965,0.98808012],
[-0.0009296,0.16884486],[0.70576386,1.13261133],[-0.0433839,0.61459529],
[-0.0114657,0.62945364],[0.02045243,0.64431199],[0.13898357,0.91108687],
[0.72218779,1.05561807],[-0.0539200,1.07520407],[0.09652928,1.35683730],
[-0.0269600,0.53760203],[0.00495816,0.55246038],[0.15540749,0.83409361],
[0.73861171,0.97862481],[-0.0694143,0.98335247],[-0.0374961,0.99821082],
[-0.0424542,0.44575043],[0.66423923,1.40951690],[0.75503563,0.90163156],
[-0.0529903,0.90635921],[-0.0210722,0.92121756],[-0.2139758,1.08533476],
[0.68066315,1.33252364],[-0.0954446,1.35210965],[-0.0365664,0.82936595],
[-0.1975519,1.00834151],[0.69708707,1.25553038],[-0.0790207,1.27511639],
[0.50418345,1.41964759],[0.71351100,1.17853713],[-0.0625968,1.19812313],
[0.52060737,1.34265433],[-0.2874186,1.34738199],[-0.2555004,1.36224034],
[-0.0461729,1.12112988],[0.53703129,1.26566108],[-0.2709947,1.27038873],
[-0.2390765,1.28524708],[0.90331577,0.12426981],[0.46265881,1.69655316],
[0.49457700,1.71141151],[-0.2545708,1.19339548],[-0.2226526,1.20825382],
[0.88782150,0.03241821],[0.91973969,0.04727656],[0.47908273,1.61955991],
[0.51100092,1.63441825],[-0.2970251,1.63914591],[-0.2381468,1.11640222],
[0.46854663,2.08016869],[-0.0876975,1.39803545],[0.49550666,1.54256665],
[0.52742485,1.55742500],[-0.2806011,1.56215265],[0.30260303,1.70668385],
[0.42113418,1.97345874],[0.45305237,1.98831708],[0.48497056,2.00317543],
[-0.2960954,1.47030105],[-0.2641772,1.48515940],[0.66392934,0.01283220],
[0.69584753,0.02769055],[0.72776572,0.04254890],[0.31902696,1.62969060],
[0.87821506,0.32418213],[0.43755810,1.89646548],[0.46947629,1.91132383],
[0.50139448,1.92618217],[-0.2796715,1.39330779],[0.30353269,1.53783899],
[0.86272079,0.23233052],[0.89463898,0.24718887],[0.45398202,1.81947222],
[0.48590021,1.83433057],[0.51781840,1.84918892],[0.11062906,1.70195620],
[0.29299659,1.99844778],[0.26107840,1.98358943],[0.31995661,1.46084574],
[0.87914471,0.15533727],[0.50387356,0.02296290],[0.53579175,0.03782124],
[0.65432290,0.30459613],[0.68624109,0.31945447],[-0.3057018,1.76206497],
[0.27750232,1.90659617],[0.30942051,1.92145452],[0.67074682,0.22760287],
[0.70266501,0.24246122],[0.26200805,1.81474457],[0.29392624,1.82960291],
[0.85311434,0.52409444],[0.50976138,0.40657842],[0.44437558,2.11123614],
[0.47629377,2.12609449],[0.06910443,1.97886177],[0.10102262,1.99372012],
[0.68717074,0.15060961],[0.71908893,0.16546796],[0.31189959,0.01823524],
[0.34381778,0.03309359],[0.27843198,1.73775131],[0.46234893,0.29986847],
[0.49426712,0.31472682],[0.52618531,0.32958516],[0.08552835,1.90186851],
[0.64471645,0.59636005],[0.47877285,0.22287521],[0.51069104,0.23773356],
[0.54260923,0.25259191],[0.10195227,1.82487526],[0.66114037,0.51936679],
[0.31778741,0.40185077],[0.25240161,2.10650849],[0.46823675,0.68348399],
[0.28431980,2.12136683],[0.49519677,0.14588196],[0.52711496,0.16074030],
[0.67756430,0.44237353],[0.27037496,0.29514081],[0.30229315,0.30999916],
[0.33421134,0.32485751],[0.23690734,2.01465688],[0.45274248,0.59163239],
[0.48466067,0.60649074],[0.04400371,2.17877409],[0.47970251,0.05403035],
[0.28679888,0.21814756],[0.31871707,0.23300590],[0.46916640,0.51463913],
[0.50108459,0.52949748],[0.06042764,2.10178083],[0.09234583,2.11663918],
[0.27626278,0.67875634],[0.30818097,0.69361469],[0.30322280,0.14115430],
[0.33514099,0.15601265],[0.42671211,0.96038957],[0.48559033,0.43764588],
[0.51750852,0.45250422],[0.11031918,0.30527150],[0.26076851,0.58690473],
[0.29268670,0.60176308],[0.32460489,0.61662143],[0.44313603,0.88339631],
[0.12674310,0.22827825],[0.24527424,0.49505313],[0.27719243,0.50991148],
[0.30911062,0.52476982],[-0.0996281,2.11191152],[0.45955996,0.80640305],
[0.26665633,0.97052026],[0.14316702,0.15128499],[0.26169817,0.41805987],
[0.29361636,0.43291822],[0.32553455,0.44777657],[0.47598388,0.72940980],
[0.06879454,0.58217708],[0.10071273,0.59703543],[0.12767276,0.05943339],
[0.25116207,0.87866865],[0.28308026,0.89352700],[0.27812209,0.34106662],
[0.08521846,0.50518382],[0.11713665,0.52004217],[-0.2916021,2.10718387],
[0.23566780,0.78681705],[0.26758599,0.80167540],[0.07468236,0.96579260],
[0.10164239,0.42819056],[0.13356058,0.44304891],[0.22513170,1.24742583],
[0.25209172,0.70982379],[0.28400991,0.72468214],[-0.1231794,0.57744942],
[-0.0912612,0.59230777],[0.02726991,0.85908265],[0.05918810,0.87394100],
[0.09110629,0.88879935],[0.43445925,1.00631537],[0.08614812,0.33633896],
[0.24155562,1.17043257],[-0.1067555,0.50045616],[-0.0748373,0.51531451],
[0.04369383,0.78208939],[0.07561202,0.79694774],[0.10753021,0.81180609],
[0.22606135,1.07858097],[-0.1172916,0.96106495],[-0.0903315,0.42346291],
[0.03315773,1.24269818],[0.06011775,0.70509614],[0.09203594,0.71995448],
[-0.1647040,0.85435499],[-0.1327858,0.86921334],[-0.1008676,0.88407169],
[0.24248528,1.00158771],[0.01766346,1.15084657],[0.04958165,1.16570492],
[0.63278586,1.31023612],[-0.1482801,0.77736174],[-0.1163619,0.79222008],
[-0.0844437,0.80707843],[0.03408738,1.07385331],[0.06600557,1.08871166],
[-0.1588162,1.23797052],[-0.1268980,1.25282887],[-0.1318562,0.70036848],
[-0.0999380,0.71522683],[0.05051131,0.99686006],[0.08242950,1.01171840],
[-0.1743105,1.14611891],[-0.1423923,1.16097726],[-0.1104741,1.17583561],
[0.00805701,1.44261049],[0.59126123,1.58714169],[0.62317942,1.60200004],
[-0.1578865,1.06912566],[-0.1259683,1.08398401],[-0.0940502,1.09884235],
[0.02448094,1.36561723],[0.60768515,1.51014844],[-0.2003408,1.51487609],
[-0.1684226,1.52973444],[-0.1414626,0.99213240],[-0.1095444,1.00699075],
[0.04090486,1.28862398],[0.62410907,1.43315518],[-0.1839169,1.43788284],
[-0.1519987,1.45274118],[0.83994422,0.01013069],[0.54973659,1.86404727],
[-0.1674930,1.36088958],[-0.1355748,1.37574793],[0.56616052,1.78705401],
[-0.2099473,1.80664001],[0.40517508,1.96602956],[-0.1510691,1.28389632],
[0.43213511,1.42842752],[0.58258444,1.71006075],[0.83033777,0.30189461],
[-0.1935233,1.72964676],[0.38968081,1.87417796],[0.78292531,0.19518465],
[0.81484350,0.21004300],[-0.1770994,1.65265350],[0.40610474,1.79718470],
[-0.4019212,1.80191236],[0.76743105,0.10333305],[0.79934924,0.11819140],
[0.83126743,0.13304975],[0.39061047,1.70533310],[0.42252866,1.72019144],
[-0.3854973,1.72491910],[0.19770684,1.86945030],[0.54105980,1.98696632],
[0.34815618,2.15108353],[0.78385497,0.02633979],[0.81577316,0.04119814],
[0.84769135,0.05605649],[0.38007437,2.16594188],[0.40703439,1.62833984],
[0.59095134,0.19045700],[0.62286953,0.20531535],[-0.3690734,1.64792584],
[0.21413077,1.79245704],[0.77331887,0.48694858],[0.55748373,1.90997307],
[0.36458010,2.07409027],[0.39649829,2.08894862],[0.57545708,0.09860539],
[0.60737527,0.11346374],[0.63929346,0.12832209],[0.23055469,1.71546379],
[0.75782460,0.39509697],[0.78974279,0.40995532],[0.34908583,1.98223867],
[0.59683916,0.57407252],[0.38100402,1.99709702],[0.41292221,2.01195536],
[0.15618221,2.14635587],[0.59188100,0.02161214],[0.62379919,0.03647049],
[0.65571738,0.05132883],[0.18810040,2.16121422],[0.39897737,0.18572934],
[0.43089556,0.20058769],[0.77424852,0.31810371],[0.80616671,0.33296206],
[0.36550976,1.90524541],[0.54942671,0.46736257],[0.58134490,0.48222092],
[0.61326309,0.49707927],[-0.4105980,1.92483142],[0.17260613,2.06936262],
[0.20452432,2.08422096],[0.41540130,0.10873609],[0.44731949,0.12359443],
[0.56585063,0.39036931],[0.59776882,0.40522766],[0.62968701,0.42008601],
[-0.3941741,1.84783816],[0.18903005,1.99236936],[0.40486519,0.56934487],
[0.22094824,2.00722771],[0.74821815,0.68686089],[-0.0038735,2.15648657],
[0.43182522,0.03174283],[0.55531453,0.85097810],[0.58227455,0.31337606],
[0.61419274,0.32823441],[0.64611093,0.34309275],[0.23892159,0.19586003],
[0.35745274,0.46263492],[0.38937093,0.47749326],[0.42128912,0.49235161],
[0.76464208,0.60986763],[0.53982026,0.75912649],[0.57173845,0.77398484],
[0.37387666,0.38564166],[0.40579485,0.40050001],[0.43771304,0.41535835],
[0.55624418,0.68213324],[0.58816237,0.69699158],[0.36334056,0.84625044],
[0.39525875,0.86110879],[0.39030058,0.30864840],[0.42221877,0.32350675],
[0.19739696,0.47276561],[0.22931515,0.48762395],[0.57266811,0.60513998],
[0.60458630,0.61999833],[0.34784629,0.75439884],[0.37976448,0.76925718],
[0.41168267,0.78411553],[0.53021382,1.05089041],[0.21382088,0.39577235],
[0.36427022,0.67740558],[0.39618841,0.69226393],[0.20328478,0.85638113],
[0.54663774,0.97389716],[0.23024480,0.31877909],[0.35373411,1.13801436],
[0.00542299,0.46803795],[0.38069414,0.60041232],[0.41261233,0.61527067],
[0.15587232,0.74967118],[0.18779051,0.76452953],[0.21970870,0.77938788],
[0.56306166,0.89690390],[0.21475054,0.22692749],[0.33823985,1.04616276],
[0.37015804,1.06102110],[0.02184691,0.39104469],[0.36519987,0.50856072],
[0.17229625,0.67267792],[0.20421444,0.68753627],[0.01131081,0.85165348],
[0.35466377,0.96916950],[0.03827083,0.31405144],[0.16176014,1.13328671],
[0.18872017,0.59568467],[0.22063836,0.61054301],[0.31220948,1.41491993],
[-0.0361016,0.74494352],[-0.0041834,0.75980187],[0.37108769,0.89217624],
[0.14626588,1.04143510],[0.17818407,1.05629345],[0.17322590,0.50383306],
[0.32863340,1.33792668],[-0.0196777,0.66795027],[0.01224047,0.68280861],
[0.16268980,0.96444184],[0.19460799,0.97930019],[-0.0302138,1.12855905],
[0.00170436,1.14341740],[-0.0032537,0.59095701],[0.02866439,0.60581536],
[0.12023551,1.41019228],[0.14719553,0.87259024],[0.17911372,0.88744859],
[-0.0776262,1.02184910],[-0.0457080,1.03670744],[-0.0137898,1.05156579],
[0.13665943,1.33319902],[-0.0612023,0.94485584],[-0.0292841,0.95971419],
[0.00263402,0.97457254],[-0.2221877,1.12383139],[0.15308335,1.25620576],
[-0.0717384,1.40546462],[-0.0398202,1.42032297],[-0.0447784,0.86786258],
[-0.0128602,0.88272093],[0.01905794,0.89757928],[-0.2057638,1.04683814],
[0.13758909,1.16435416],[0.16950728,1.17921251],[-0.0872327,1.31361302],
[-0.0553145,1.32847136],[-0.0233963,1.34332971],[-0.1893399,0.96984488],
[-0.0708088,1.23661976],[-0.0388906,1.25147811],[-0.0069724,1.26633646],
[-0.2317942,1.41559531],[0.11155872,1.53311134],[-0.1729160,0.89285162],
[-0.0813449,1.69722854],[-0.0543848,1.15962650],[-0.0224666,1.17448485],
[0.12798264,1.45611808],[-0.2792066,1.30888536],[-0.2472885,1.32374371],
[-0.2153703,1.33860206],[-0.0968391,1.60537694],[-0.0649209,1.62023529],
[0.51828323,1.76476649],[-0.2627827,1.23189210],[-0.2308645,1.24675045],
[-0.1989463,1.26160880],[0.87960954,0.07091484],[0.91152773,0.08577318],
[0.94344592,0.10063153],[-0.0804152,1.52838368],[-0.0484970,1.54324203],
[-0.2733188,1.69250089],[-0.2414006,1.70735923],[-0.2463588,1.15489885],
[-0.2144406,1.16975720],[0.92795165,0.00877993],[0.95986984,0.02363828],
[-0.0639913,1.45139042],[-0.2888131,1.60064928],[-0.2568949,1.61550763],
[-0.1064456,1.89714086],[0.47675859,2.04167206],[0.50867678,2.05653041],
[0.71955376,0.08104553],[0.75147195,0.09590388],[-0.2723892,1.52365602],
[-0.2404710,1.53851437],[-0.0900216,1.82014760],[0.87000309,0.36267876],
[0.90192128,0.37753711],[0.49318252,1.96467880],[-0.3148435,1.96940646],
[-0.2829253,1.98426481],[0.73597768,0.00405227],[-0.2559652,1.44666277],
[0.88642702,0.28568550],[0.91834521,0.30054385],[0.50960644,1.88768555],
[0.72544158,0.46466105],[-0.2984195,1.89241320],[0.28478462,2.03694440],
[0.52757979,0.07631787],[0.90285094,0.20869224],[0.93476913,0.22355059],
[0.49411217,1.79583394],[0.67802912,0.35795110],[0.70994731,0.37280945],
[0.74186550,0.38766780],[-0.2819956,1.81541995],[0.30120855,1.95995115],
[0.88735667,0.11684064],[0.69445305,0.28095784],[0.72637124,0.29581619],
[0.31763247,1.88295789],[0.53346761,0.45993340],[0.46808180,2.16459112],
[0.68391695,0.74156663],[0.67895878,0.18910624],[0.71087697,0.20396459],
[0.74279516,0.21882294],[0.48605515,0.35322345],[0.51797334,0.36808179],
[0.45258754,2.07273951],[0.66842268,0.64971502],[0.70034087,0.66457337],
[0.69538270,0.11211298],[0.50247908,0.27623019],[0.53439727,0.29108854],
[0.68484660,0.57272177],[0.71676479,0.58758011],[0.27610784,2.15986346],
[0.49194298,0.73683897],[0.30802603,2.17472181],[0.51890300,0.19923693],
[0.55082119,0.21409528],[0.64239231,1.01847220],[0.32599938,0.36335414],
[0.66935233,0.48087016],[0.70127052,0.49572851],[0.73318872,0.51058686],
[0.44453052,0.63012902],[0.47644871,0.64498737],[0.50836690,0.65984571],
[0.65881623,0.94147894],[0.34242330,0.28636088],[0.46095444,0.55313576],
[0.49287263,0.56799411],[0.52479082,0.58285246],[0.11605206,2.16999415],
[0.64332197,0.84962734],[0.67524016,0.86448569],[0.35884722,0.20936762],
[0.48233653,1.02860289],[0.47737837,0.47614250],[0.50929656,0.49100085],
[0.54121475,0.50585920],[0.65974589,0.77263408],[0.69166408,0.78749243],
[0.28447474,0.64025971],[0.31639293,0.65511806],[0.34335295,0.11751602],
[0.43492407,0.92189294],[0.46684226,0.93675129],[0.49876045,0.95160963],
[0.49380229,0.39914925],[0.30089866,0.56326645],[0.33281685,0.57812480],
[0.45134800,0.84489968],[0.48326619,0.85975803],[0.51518438,0.87461638],
[0.63371552,1.14139126],[0.29036256,1.02387523],[0.31732259,0.48627320],
[0.34924078,0.50113154],[0.44081189,1.30550846],[0.12441896,0.65039040],
[0.46777192,0.76790642],[0.49969011,0.78276477],[0.65013944,1.06439800],
[0.24295010,0.91716528],[0.27486829,0.93202363],[0.30678648,0.94688198],
[0.30182832,0.39442159],[0.42531763,1.21365686],[0.45723582,1.22851521],
[0.10892469,0.55853880],[0.25937403,0.84017203],[0.29129222,0.85503037],
[0.32321041,0.86988872],[0.44174155,1.13666360],[0.09838859,1.01914758],
[0.12534862,0.48154554],[0.24883792,1.30078081],[0.27579795,0.76317877],
[0.30771614,0.77803712],[0.45816547,1.05967035],[0.08289432,0.92729597],
[0.11481251,0.94215432],[0.23334366,1.20892920],[0.26526185,1.22378755],
[0.41571118,1.50542078],[0.26030368,0.67132716],[0.06740006,0.83544437],
[0.09931825,0.85030272],[-0.0935853,1.01441992],[0.24976758,1.13193595],
[0.28168577,1.14679429],[0.05686396,1.29605315],[0.08878215,1.31091150],
[0.08382398,0.75845111],[0.11574217,0.77330946],[0.20731329,1.57768638],
[0.26619150,1.05494269],[-0.1090796,0.92256832],[0.04136969,1.20420155],
[0.07328788,1.21905989],[0.10520607,1.23391824],[0.22373721,1.50069312],
[-0.0926557,0.84557506],[0.05779361,1.12720829],[0.08971180,1.14206664],
[0.24016114,1.42369987],[-0.1351100,1.29132550],[-0.1031918,1.30618384],
[-0.0762317,0.76858180],[0.01533932,1.57295872],[0.04725751,1.58781707],
[0.04229934,1.03535669],[0.07421753,1.05021503],[0.10613572,1.06507338],
[0.25658506,1.34670661],[-0.1506042,1.19947389],[-0.1186860,1.21433224],
[0.03176324,1.49596547],[0.06368143,1.51082382],[-0.1341803,1.12248063],
[-0.1022621,1.13733898],[0.04818717,1.41897221],[0.08010536,1.43383056],
[-0.1447164,1.58308942],[-0.1127982,1.59794776],[0.00573287,1.86472265],
[-0.1177564,1.04548738],[-0.0858382,1.06034572],[0.03269290,1.32712061],
[0.06461109,1.34197895],[-0.1602107,1.49123781],[-0.1282925,1.50609616],
[0.02215680,1.78772939],[-0.1757049,1.39938621],[-0.1437867,1.41424455],
[-0.1118686,1.42910290],[0.03858072,1.71073613],[-0.3366904,1.57836176],
[-0.1862410,1.85999499],[-0.1543229,1.87485334],[-0.1592810,1.32239295],
[-0.1273628,1.33725130],[0.02308645,1.61888453],[-0.3202665,1.50136850],
[-0.2017353,1.76814338],[-0.1698171,1.78300173],[-0.3038425,1.42437525],
[-0.1853114,1.69115013],[-0.1533932,1.70600848],[0.80663154,0.24853963],
[0.83854973,0.26339798],[0.42981096,1.85053968],[-0.3782150,1.85526733],
[-0.3462968,1.87012568],[-0.1958475,2.15175891],[0.23985125,0.02701517],
[-0.1688875,1.61415687],[0.82305546,0.17154637],[0.85497365,0.18640472],
[-0.3937093,1.76341573],[-0.3617911,1.77827408],[-0.3298729,1.79313242],
[-0.2113418,2.05990730],[0.81251936,0.63215516],[0.80756120,0.07969477],
[0.83947939,0.09455312],[0.87139758,0.10941147],[0.03145336,0.09928077],
[-0.3772854,1.68642247],[-0.3453672,1.70128082],[-0.3134490,1.71613917],
[0.61465757,0.24381197],[0.64657576,0.25867032],[-0.1949178,1.98291405],
[0.76510691,0.52544520],[0.79702510,0.54030355],[0.82894329,0.55516190],
[0.38828633,2.12744525],[-0.4197396,2.13217291],[0.04787728,0.02228752],
[-0.3878215,2.14703125],[0.82398512,0.00270151],[-0.3608614,1.60942921],
[-0.3289432,1.62428756],[0.63108149,0.16681872],[-0.1784939,1.90592079],
[0.78153083,0.44845195],[0.81344902,0.46331029],[0.84536721,0.47816864],
[0.40471025,2.05045199],[-0.4033157,2.05517965],[-0.3713975,2.07003800],
[0.62054539,0.62742750],[0.64750542,0.08982546],[0.77099473,0.90906073],
[0.79795475,0.37145869],[0.82987294,0.38631704],[-0.3868918,1.97818639],
[-0.3549736,1.99304474],[0.57313294,0.52071755],[0.60505113,0.53557590],
[0.63696932,0.55043424],[0.75550046,0.81720912],[0.78741865,0.83206747],
[0.78246048,0.27960709],[-0.3704679,1.90119314],[0.58955686,0.44372429],
[0.62147505,0.45858264],[0.77192438,0.74021587],[0.80384257,0.75507422],
[0.57902076,0.90433307],[0.61093895,0.91919142],[0.60598078,0.36673103],
[0.63789897,0.38158938],[0.78834831,0.66322261],[0.82026650,0.67808096],
[0.41307716,0.53084824],[0.56352649,0.81248147],[0.59544468,0.82733982],
[0.62736287,0.84219816],[0.42950108,0.45385498],[0.57995041,0.73548821],
[0.61186860,0.75034656],[0.76231794,1.03197979],[0.41896498,0.91446376],
[0.56941431,1.19609699],[0.44592500,0.37686173],[0.56445615,0.64363661],
[0.59637434,0.65849495],[0.62829253,0.67335330],[0.77874186,0.95498653],
[0.37155252,0.80775381],[0.40347071,0.82261216],[0.55392004,1.10424539],
[0.58583823,1.11910374],[0.58088007,0.56664335],[0.23752711,0.44912733],
[0.38797644,0.73076056],[0.41989463,0.74561890],[0.57034397,1.02725213],
[0.60226216,1.04211048],[0.25395103,0.37213407],[0.37744034,1.19136934],
[0.40440037,0.65376730],[0.43631856,0.66862565],[0.52788968,1.47300257],
[0.55484970,0.93540053],[0.58676789,0.95025888],[0.21149674,0.81788450],
[0.36194607,1.09951773],[0.39386427,1.11437608],[0.54431360,1.39600931],
[0.19600247,0.72603290],[0.22792066,0.74089125],[0.34645181,1.00766613],
[0.37837000,1.02252448],[0.41028819,1.03738282],[0.56073752,1.31901605],
[0.18546637,1.18664168],[0.33591571,1.46827491],[0.21242640,0.64903964],
[0.24434459,0.66389799],[0.36287573,0.93067287],[0.39479392,0.94553122],
[0.01952277,0.81315685],[0.54524325,1.22716445],[0.16997211,1.09479008],
[0.20189030,1.10964842],[0.32042144,1.37642331],[0.35233963,1.39128165],
[0.03594669,0.73616359],[0.21831422,1.03265517],[0.15447784,1.00293847],
[0.18639603,1.01779682],[0.33684536,1.29943005],[0.36876355,1.31428840],
[-0.0065075,1.18191403],[0.17585993,1.47840560],[0.14394174,1.46354725],
[0.17090176,0.92594522],[0.20281995,0.94080356],[0.23473814,0.95566191],
[0.35326929,1.22243679],[0.38518748,1.23729514],[-0.0220018,1.09006242],
[0.00991633,1.10492077],[0.12844747,1.37169565],[0.16036566,1.38655400],
[0.19228385,1.40141235],[0.31081499,1.66818723],[-0.0055779,1.01306916],
[0.02634025,1.02792751],[0.14487139,1.29470239],[0.17678958,1.30956074],
[0.20870777,1.32441909],[0.32723892,1.59119397],[-0.0161140,1.47367795],
[0.01084598,0.93607591],[0.10241710,1.74045283],[0.13433529,1.75531117],
[0.16129532,1.21770914],[0.19321351,1.23256748],[0.12751781,1.54054051],
[-0.0635264,1.36696799],[0.00030988,1.39668469],[-0.0316083,1.38182634],
[0.34366284,1.51420071],[0.11884102,1.66345957],[0.15075921,1.67831792],
[-0.0471025,1.28997474],[-0.0151843,1.30483308],[0.13526495,1.58646631],
[0.16718314,1.60132466],[-0.2080880,1.46895029],[-0.0576386,1.75058352],
[-0.0257204,1.76544187],[0.00123954,1.22783983],[-0.0306786,1.21298148],
[0.09281066,2.03221675],[0.15168887,1.50947306],[0.33560582,0.07159022],
[-0.2235822,1.37709869],[-0.0731329,1.65873191],[-0.0412147,1.67359026],
[-0.0092965,1.68844861],[0.10923458,1.95522349],[-0.2071583,1.30010543],
[-0.0567090,1.58173866],[-0.0247908,1.59659700],[0.93523396,0.13912816],
[-0.2176944,1.76071421],[-0.2496126,1.74585586],[0.12565850,1.87823023],
[-0.1907344,1.22311217],[-0.0991633,2.02748909],[-0.0672451,2.04234744],
[-0.0722032,1.48988705],[0.14363185,0.06686256],[0.17555004,0.08172091],
[-0.0402850,1.50474540],[0.95165788,0.06213490],[-0.2651069,1.65400426],
[-0.2331887,1.66886261],[-0.0827393,1.95049583],[-0.0508211,1.96535418],
[-0.2486829,1.57701100],[-0.2167647,1.59186935],[0.74325999,0.13440050],
[0.89370932,0.41603373],[-0.0663154,1.87350258],[0.51688875,2.01803378],
[-0.2911372,2.02276144],[-0.2592190,2.03761978],[-0.2322590,1.50001774],
[0.75968391,0.05740725],[-0.0164239,0.07699325],[0.91013325,0.33904048],
[0.13402541,0.35862648],[-0.0818097,1.78165097],[0.53331267,1.94104052],
[-0.2747133,1.94576818],[-0.2427951,1.96062653],[0.0,0.0],
[0.92655717,0.26204722],[-0.2902076,1.85391657],[-0.2582894,1.86877492],
[-0.2263712,1.88363327],[0.70173535,0.41130608],[0.73365354,0.42616443],
[-0.4511930,2.03289213],[0.91106290,0.17019562],[0.71815928,0.33431282],
[0.75007747,0.34917117],[-0.0579485,0.35389882],[-0.2737837,1.77692332],
[-0.2418655,1.79178166],[-0.4347691,1.95589887],[-0.0914161,2.07341489],
[0.70762317,0.79492160],[0.15137898,0.11278836],[0.73458320,0.25731956],
[0.76650139,0.27217791],[-0.0415246,0.27690557],[-0.4183452,1.87890561],
[0.54167957,0.42143677],[0.66021072,0.68821165],[0.69212891,0.70307000],
[0.72404710,0.71792835],[-0.2998140,2.14568049],[-0.2678958,2.16053884],
[-0.0251007,0.19991231],[0.55810350,0.34444351],[0.67663464,0.61121839],
[0.70855283,0.62607674],[0.74047102,0.64093509],[-0.2833901,2.06868724],
[0.66609854,1.07182718],[0.69801673,1.08668552],[0.69305856,0.53422514],
[0.72497675,0.54908348],[0.75689494,0.56394183],[-0.0830492,0.55381114],
[0.50015494,0.69834234],[0.53207313,0.71320069],[-0.4598698,2.15581119],
[-0.4279516,2.17066953],[0.65060427,0.97997557],[0.68252246,0.99483392],
[0.71444065,1.00969227],[-0.0666253,0.47681788],[0.51657886,0.62134909],
[0.54849705,0.63620743],[0.66702819,0.90298231],[0.69894638,0.91784066],
[0.73086458,0.93269901],[0.50604276,1.08195787],[0.53300278,0.54435583],
[0.65649209,1.36359110],[-0.0334676,1.71951606],[0.68345212,0.82598906],
[0.71537031,0.84084741],[0.45863030,0.97524791],[0.49054849,0.99010626],
[0.52246668,1.00496461],[0.64099783,1.27173949],[0.67291602,1.28659784],
[0.66795785,0.73413745],[0.47505422,0.89825466],[0.50697242,0.91311301],
[0.31406879,1.07723021],[0.65742175,1.19474623],[0.68933994,1.20960458],
[0.34102881,0.53962817],[0.46451812,1.35886344],[0.49643631,1.37372179],
[0.49147815,0.82126140],[0.52339634,0.83611975],[0.61496746,1.64049667],
[0.29857452,0.98537861],[0.67384567,1.11775298],[0.44902386,1.26701184],
[0.48094205,1.28187018],[0.63139138,1.56350341],[0.31499845,0.90838535],
[0.46544778,1.19001858],[0.49736597,1.20487693],[0.27254415,1.35413578],
[0.30446234,1.36899413],[0.64781530,1.48651016],[0.29950418,0.81653375],
[0.33142237,0.83139209],[0.42299349,1.63576901],[0.45491168,1.65062736],
[0.10660055,0.98065095],[0.44995351,1.09816697],[0.48187170,1.11302532],
[0.25704989,1.26228418],[0.28896808,1.27714253],[0.43941741,1.55877576],
[0.12302448,0.90365769],[0.27347381,1.18529092],[0.30539200,1.20014927],
[0.08057018,1.34940813],[0.45584133,1.48178250],[0.13944840,0.82666444],
[0.23101952,1.63104136],[0.26293771,1.64589970],[0.25797954,1.09343932],
[0.28989773,1.10829767],[0.32181592,1.12315601],[0.41338704,1.92753293],
[0.06507592,1.25755652],[0.09699411,1.27241487],[0.44034707,1.38993089],
[0.47226526,1.40478924],[0.24744344,1.55404810],[0.27936163,1.56890645],
[0.08149984,1.18056327],[0.11341803,1.19542161],[0.23194917,1.46219650],
[0.26386736,1.47705484],[0.29578555,1.49191319],[0.07096374,1.64117205],
[0.09792376,1.10357001],[0.12984195,1.11842836],[0.22141307,1.92280528],
[-0.0949798,1.26768721],[0.24837310,1.38520324],[0.28029129,1.40006159],
[0.02355128,1.53446210],[0.05546947,1.54932044],[0.08738766,1.56417879],
[0.43074062,1.68169482],[0.23783700,1.84581202],[-0.0785559,1.19069396],
[0.03997520,1.45746884],[0.07189339,1.47232719],[0.10381158,1.48718553],
[-0.1210102,1.63644439],[0.22234273,1.75396042],[0.25426092,1.76881876],
[0.02943910,1.91807762],[0.06135729,1.93293597],[0.05639913,1.38047558],
[0.08831732,1.39533393],[-0.1365044,1.54459279],[-0.1045863,1.55945114],
[0.23876665,1.67696716],[0.01394484,1.82622602],[0.04586303,1.84108436],
[0.07778122,1.85594271],[-0.1200805,1.46759953],[-0.0881623,1.48245788],
[0.43910753,0.16209106],[-0.3129841,1.63171674],[0.03036876,1.74923276],
[0.06228695,1.76409111],[-0.1625348,1.91334997],[-0.1306166,1.92820831],
[0.21273628,2.04572434],[-0.1036566,1.39060627],[0.45553145,0.08509781],
[-0.3284784,1.53986513],[-0.2965602,1.55472348],[0.23070963,0.23435666],
[0.26262782,0.24921501],[0.04679268,1.67223950],[-0.1780291,1.82149836],
[-0.1461109,1.83635671],[-0.1141927,1.85121506],[0.00433839,2.11798994],
[0.03625658,2.13284829],[-0.3120545,1.46287187],[0.24713356,0.15736341],
[-0.1616052,1.74450510],[-0.1296870,1.75936345],[-0.0977688,1.77422180],
[-0.3545088,1.90862231],[-0.3225906,1.92348066],[0.02076231,2.04099668],
[-0.2956306,1.38587862],[0.26355748,0.08037015],[0.84676169,0.22490135],
[0.03873566,0.22962901],[0.07065385,0.24448735],[-0.1451812,1.66751185],
[-0.1132630,1.68237019],[-0.3700030,1.81677070],[-0.3380849,1.83162905],
[0.22110319,0.52612058],[0.83622559,0.68551013],[0.27998140,0.00337689],
[-0.1876355,2.11326228],[-0.1557173,2.12812063],[0.86318562,0.14790809],
[0.05515959,0.15263575],[0.08707778,0.16749410],[-0.3535791,1.73977745],
[-0.3216609,1.75463580],[0.78881313,0.57880018],[0.82073132,0.59365853],
[-0.1712116,2.03626902],[-0.1392934,2.05112737],[0.07158351,0.07564249],
[0.10350170,0.09050084],[-0.3371552,1.66278419],[-0.3052370,1.67764254],
[0.80523706,0.50180692],[0.83715525,0.51666527],[0.02912922,0.52139293],
[-0.1867059,1.94441742],[-0.1547877,1.95927577],[-0.3796095,2.10853462],
[-0.3476913,2.12339297],[0.82166098,0.42481367],[0.85357917,0.43967201],
[0.04555314,0.44439967],[0.62875735,0.58893087],[-0.3951038,2.01668302],
[-0.3631856,2.03154137],[-0.3312674,2.04639972],[0.77920669,0.87056410],
[0.06197706,0.36740641],[0.64518128,0.51193761],[-0.3786798,1.93968976],
[-0.3467616,1.95454811],[0.76371242,0.77871250],[0.79563061,0.79357084],
[0.04648280,0.27555481],[0.66160520,0.43494436],[0.78013634,0.70171924],
[0.81205453,0.71657759],[0.58723272,0.86583644],[0.61915091,0.88069479],
[0.60365664,0.78884319],[0.63557483,0.80370154],[-0.1724511,0.80842919],
[0.75410598,1.07047642],[0.59312054,1.24945197],[0.62008057,0.71184993],
[0.65199876,0.72670828],[-0.1560272,0.73143593],[0.42717694,0.87596714],
[0.77052990,0.99348316],[0.54570808,1.14274202],[0.57762627,1.15760037],
[0.60954446,1.17245871],[-0.1396033,0.65444268],[0.44360086,0.79897388],
[0.56213201,1.06574876],[0.59405020,1.08060711],[0.62596839,1.09546546],
[0.40114657,1.24472431],[0.42810660,0.70712227],[0.55159590,1.52635754],
[0.58351409,1.54121589],[0.23520297,0.87123948],[0.57855593,0.98875550],
[0.61047412,1.00361385],[0.38565230,1.15287271],[0.41757049,1.16773106],
[0.53610164,1.43450594],[0.56801983,1.44936429],[-0.1811279,0.93134825],
[0.40207623,1.07587945],[0.43399442,1.09073780],[0.20917260,1.23999666],
[0.55252556,1.35751268],[0.58444375,1.37237103],[0.35962193,1.52162989],
[0.39154013,1.53648823],[0.38658196,0.98402785],[0.41850015,0.99888620],
[0.51007127,1.80326312],[0.54198946,1.81812146],[0.19367833,1.14814505],
[0.22559652,1.16300340],[0.56894948,1.28051942],[0.34412767,1.42977828],
[0.37604586,1.44463663],[0.40796405,1.45949498],[0.52649519,1.72626986],
[0.21010226,1.07115180],[0.36055159,1.35278503],[0.39246978,1.36764337],
[0.42438797,1.38250172],[0.54291911,1.64927660],[0.16764797,1.51690223],
[0.19956616,1.53176058],[0.22652618,0.99415854],[0.31809730,1.79853546],
[0.35001549,1.81339381],[0.50046482,2.09502704],[0.34505732,1.26093342],
[0.37697551,1.27579177],[0.40889370,1.29065012],[0.55934304,1.57228334],
[0.15215370,1.42505063],[0.18407189,1.43990897],[0.33452122,1.72154220],
[0.36643941,1.73640055],[0.16857762,1.34805737],[0.20049581,1.36291572],
[0.35094515,1.64454895],[0.38286334,1.65940729],[0.15804152,1.80866615],
[0.18995971,1.82352450],[0.18500154,1.27106411],[0.21691973,1.28592246],
[0.30849085,2.09029938],[0.33545088,1.55269734],[0.36736907,1.56755569],
[-0.0079020,1.43518132],[0.55128602,0.12967285],[0.14254725,1.71681455],
[0.17446544,1.73167289],[0.32491478,2.01330612],[0.00852184,1.35818806],
[0.56770994,0.05267959],[0.12705299,1.62496294],[0.15897118,1.63982129],
[0.19088937,1.65467964],[0.34133870,1.93631287],[-0.0339324,1.80393849],
[0.02494577,1.28119480],[0.11651688,2.08557172],[0.14843507,2.10043007],
[0.14347691,1.54796968],[0.35931205,0.12494519],[0.39123024,0.13980354],
[0.17539510,1.56282803],[0.32584443,1.84446126],[-0.0494267,1.71208689],
[-0.0175085,1.72694524],[0.13294081,2.00857847],[0.16485900,2.02343681],
[-0.1834521,1.35346040],[0.37573597,0.04795194],[0.40765416,0.06281028],
[-0.0330027,1.63509363],[-0.0010845,1.64995198],[0.14936473,1.93158521],
[0.11744654,1.91672686],[0.18128292,1.94644356],[-0.2259064,1.79921084],
[-0.0754570,2.08084407],[-0.0435388,2.09570242],[-0.0165788,1.55810038],
[0.16733808,0.12021754],[0.19925627,0.13507588],[0.13387046,1.83973361],
[-0.2094824,1.72221758],[0.34970560,0.41670911],[-0.0909513,1.98899246],
[-0.0590331,2.00385081],[-0.0271149,2.01870916],[0.55903315,0.17559865],
[0.15184381,0.02836593],[0.18376200,0.04322428],[0.21568019,0.05808263],
[-0.2249767,1.63036598],[-0.1930585,1.64522433],[0.36612953,0.33971586],
[-0.0745274,1.91199921],[-0.0426092,1.92685755],[-0.0106910,1.94171590],
[-0.2674310,2.07611641],[-0.2355128,2.09097476],[-0.2085528,1.55337272],
[0.00728230,0.13034823],[0.35063526,0.24786425],[-0.0581035,1.83500595],
[-0.0261853,1.84986430],[0.15773163,0.41198146],[0.12426402,2.13149753],
[-0.2510071,1.99912315],[-0.2190889,2.01398150],[0.36705918,0.17087099],
[-0.0082119,0.03849662],[0.02370622,0.05335497],[0.14223737,0.32012985],
[0.17415556,0.33498820],[0.75735977,0.47951940],[-0.2665013,1.90727155],
[-0.2345832,1.92212990],[-0.2026650,1.93698825],[-0.4274868,2.08624710],
[0.15866129,0.24313660],[0.19057948,0.25799494],[-0.2500774,1.83027829],
[-0.0342423,0.40725380],[-0.0023241,0.42211215],[-0.2181592,1.84513664],
[-0.0677099,2.12676987],[-0.4429810,1.99439550],[-0.4110629,2.00925385],
[0.11620700,0.68888703],[0.73132940,0.84827658],[0.17508521,0.16614334],
[-0.0497365,0.31540220],[-0.0178184,0.33026054],[0.01409978,0.34511889],
[-0.4265571,1.91740224],[0.13263092,0.61189377],[0.71583514,0.75642497],
[-0.0333126,0.23840894],[-0.0013944,0.25326729],[0.03052370,0.26812564],
[-0.4101332,1.84040898],[0.14905484,0.53490052],[-0.2596839,2.12204221],
[0.73225906,0.67943172],[-0.0757669,0.68415937],[-0.0438487,0.69901772],
[-0.0168887,0.16141568],[0.72172296,1.14004050],[0.74868298,0.60243846],
[-0.0593430,0.60716612],[-0.0274248,0.62202446],[0.67431050,1.03333055],
[0.70622869,1.04818889],[-0.0429191,0.53017286],[-0.0110009,0.54503121],
[-0.4516578,2.11731456],[0.69073442,0.95633729],[0.72265261,0.97119564],
[-0.0853734,0.97592329],[-0.0584133,0.43832126],[0.70715835,0.87934403],
[-0.0689494,0.89893004],[0.73907654,0.89420238],[0.51425472,1.04346124],
[0.66470405,1.32509447],[-0.0525255,0.82193678],[0.53067864,0.96646798],
[0.64920979,1.23324286],[0.68112798,1.24810121],[0.48822435,1.41221842],
[-0.0680198,0.73008518],[0.54710257,0.88947473],[0.66563371,1.15624961],
[0.69755190,1.17110795],[0.32228075,1.03873358],[0.47273008,1.32036681],
[0.50464828,1.33522516],[0.33870467,0.96174033],[0.48915401,1.24337355],
[-0.2869538,1.26295956],[0.52107220,1.25823190],[0.63960334,1.52500678],
[0.29625038,1.40749076],[0.44669972,1.68912399],[0.47861791,1.70398234],
[0.47365974,1.15152195],[0.50557793,1.16638030],[0.53749612,1.18123865],
[0.65602726,1.44801353],[0.28075612,1.31563916],[0.31267431,1.33049750],
[0.87186241,0.02498903],[0.46312364,1.61213073],[0.43120545,1.59727238],
[0.49504183,1.62698908],[0.29718004,1.23864590],[0.32909823,1.25350425],
[0.44762937,1.52027913],[0.47954756,1.53513748],[0.51146575,1.54999582],
[0.28664394,1.69925468],[0.43709327,1.98088791],[0.31360396,1.16165264],
[0.46405330,1.44328587],[0.49597149,1.45814422],[0.12070034,1.32576985],
[0.67988844,0.02026138],[0.23923148,1.59254473],[0.27114967,1.60740308],
[0.30306786,1.62226142],[0.42159900,1.88903631],[0.45351719,1.90389465],
[0.28757359,1.53040982],[0.25565540,1.51555147],[0.31949178,1.54526817],
[0.46994112,1.82690140],[0.43802293,1.81204305],[0.09466997,1.69452702],
[0.24511930,1.97616025],[0.27703749,1.99101860],[0.27207933,1.43855821],
[0.30399752,1.45341656],[0.48791447,0.01553372],[0.51983266,0.03039207],
[0.45444685,1.73504979],[0.63836380,0.29716695],[0.07917570,1.60267542],
[0.11109389,1.61753377],[0.22962503,1.88430865],[0.26154322,1.89916700],
[0.29346141,1.91402534],[0.09559962,1.52568216],[0.65478772,0.22017369],
[0.24604896,1.80731539],[0.27796715,1.82217374],[0.30988534,1.83703209],
[-0.0973039,1.68979937],[0.42841648,2.10380697],[0.05314533,1.97143260],
[0.08506352,1.98629095],[0.11202355,1.44868891],[0.67121165,0.14318044],
[0.29594050,0.01080607],[0.32785869,0.02566441],[0.26247288,1.73032214],
[0.44638983,0.29243930],[0.47830802,0.30729764],[0.03765106,1.87958099],
[0.10148744,1.90929769],[0.06956925,1.89443934],[0.22001859,2.17607257],
[-0.0963743,1.52095451],[0.46281375,0.21544604],[0.49473194,0.23030439],
[0.05407499,1.80258774],[0.08599318,1.81744608],[0.23644251,2.09907931],
[0.26836070,2.11393766],[-0.1388286,1.96670494],[-0.0799504,1.44396125],
[0.47923768,0.13845278],[0.10396653,0.00607841],[0.07049891,1.72559448],
[0.25441586,0.28771164],[0.28633405,0.30256999],[-0.1224047,1.88971168],
[0.43678339,0.58420322],[0.02804462,2.17134491],[0.46374341,0.04660118],
[0.49566160,0.06145952],[0.27083978,0.21071838],[0.30275797,0.22557673],
[-0.1378989,1.79786008],[-0.1059807,1.81271843],[0.45320731,0.50720996],
[0.01255035,2.07949331],[0.04446854,2.09435166],[0.07638673,2.10921000],
[-0.3308026,1.96197729],[0.28726371,0.13372513],[0.25534552,0.11886678],
[0.31918190,0.14858347],[-0.1214750,1.72086682],[-0.0895568,1.73572517],
[0.09436008,0.29784233],[0.02897427,2.00250005],[0.24480942,0.57947556],
[0.06089246,2.01735840],[-0.3143786,1.88498403],[-0.1639293,2.16661726],
[0.27176944,0.04187352],[0.30368763,0.05673187],[0.45413696,0.33836510],
[0.04694762,0.19113238],[0.07886581,0.20599073],[0.11078400,0.22084907],
[-0.2979547,1.80799077],[0.26123334,0.50248230],[-0.1794236,2.07476565],
[-0.1475054,2.08962400],[-0.1155872,2.10448235],[0.84443755,0.64701350],
[0.06337155,0.11413912],[0.09528974,0.12899747],[0.12720793,0.14385582],
[-0.2815308,1.73099751],[0.24573907,0.41063070],[0.27765726,0.42548905],
[-0.1629996,1.99777240],[-0.1310814,2.01263074],[0.86086148,0.57002025],
[0.05283545,0.57474790],[0.08475364,0.58960625],[-0.3559033,2.16188960],
[0.07979547,0.03714586],[0.11171366,0.05200421],[-0.3239851,2.17674795],
[0.26216299,0.33363744],[0.03734118,0.48289630],[0.06925937,0.49775465],
[0.10117756,0.51261299],[-0.3394793,2.08489634],[-0.3075612,2.09975469],
[0.05376510,0.40590304],[0.08568329,0.42076139],[0.11760148,0.43561974],
[-0.3230554,2.00790309],[0.23613263,0.70239462],[-0.1072203,0.58487860],
[0.04322900,0.86651182],[0.07018903,0.32890979],[-0.0907964,0.50788534],
[0.02773473,0.77466022],[0.05965292,0.78951857],[0.64285714,0.93404977],
[-0.0743724,0.43089208],[0.04415866,0.69766696],[0.07607685,0.71252531],
[-0.1806631,0.84692582],[-0.1487449,0.86178417],[-0.1168267,0.87664252],
[0.61682677,1.30280695],[0.06058258,0.62067371],[-0.1642392,0.76993256],
[-0.1323210,0.78479091],[0.01812829,1.06642414],[0.60133250,1.21095534],
[0.63325069,1.22581369],[-0.1478153,0.69293931],[-0.1158971,0.70779765],
[0.03455221,0.98943088],[0.61775643,1.13396208],[-0.1902696,1.13868974],
[-0.1583514,1.15354809],[-0.1313913,0.61594605],[0.57530213,1.57971252],
[0.60722032,1.59457087],[0.63418035,1.05696883],[-0.1738456,1.06169648],
[0.40935853,1.20622769],[0.55980787,1.48786091],[0.59172606,1.50271926],
[0.62364425,1.51757761],[-0.1574217,0.98470323],[0.42578246,1.12923443],
[0.57623179,1.41086766],[0.60814998,1.42572601],[-0.1998760,1.43045366],
[0.38332816,1.57498486],[0.44220638,1.05224117],[0.53377750,1.85661809],
[0.56569569,1.87147644],[0.59265571,1.33387440],[0.62457390,1.34873275],
[0.36783390,1.48313326],[0.39975209,1.49799161],[0.55020142,1.77962483],
[0.58211961,1.79448318],[0.38425782,1.40614000],[0.41617601,1.42099835],
[0.53470715,1.68777323],[0.56662534,1.70263158],[0.59854353,1.71748993],
[0.37372172,1.86674878],[0.40068174,1.32914674],[0.43259993,1.34400509],
[0.20777812,1.49326395],[0.76696622,0.18775548],[0.55113108,1.61077997],
[0.58304927,1.62563832],[0.32630926,1.76003883],[0.35822745,1.77489718],
[0.39014564,1.78975553],[0.22420204,1.41627069],[0.78339014,0.11076222],
[0.34273318,1.68304557],[0.37465137,1.69790392],[0.40656956,1.71276227],
[0.18174775,1.86202113],[0.52510071,1.97953715],[0.33219708,2.14365436],
[0.76789587,0.01891062],[0.79981406,0.03376897],[0.36411527,2.15851270],
[0.35915711,1.60605232],[0.57499225,0.18302782],[0.60691044,0.19788617],
[0.39107530,1.62091067],[0.16625348,1.77016952],[0.19817167,1.78502787],
[0.54152463,1.90254389],[0.31670281,2.05180275],[0.34862101,2.06666110],
[0.38053920,2.08151945],[0.55949798,0.09117622],[0.59141617,0.10603457],
[0.62333436,0.12089292],[0.18267740,1.69317627],[0.21459559,1.70803461],
[-0.0102262,1.85729347],[0.33312674,1.97480949],[0.36504493,1.98966784],
[0.39696312,2.00452619],[0.14022311,2.13892670],[0.57592190,0.01418296],
[0.60784009,0.02904131],[0.63975828,0.04389966],[0.17214130,2.15378505],
[0.19910133,1.61618301],[0.38301828,0.17830017],[0.41493647,0.19315852],
[0.75828943,0.31067454],[0.00619770,1.78030021],[0.56538580,0.47479175],
[0.34955066,1.89781624],[0.12472885,2.04707510],[0.15664704,2.06193344],
[0.18856523,2.07679179],[0.36752401,0.08644856],[0.39944220,0.10130691],
[0.43136039,0.11616526],[0.54989154,0.38294014],[0.58180973,0.39779849],
[0.14115277,1.97008184],[0.17307096,1.98494019],[0.20498915,1.99979853],
[-0.2022001,1.85256581],[-0.0517508,2.13419904],[0.38394793,0.00945531],
[0.41586612,0.02431366],[0.44778431,0.03917200],[-0.0198326,2.14905739],
[0.00712736,1.61145535],[0.56631546,0.30594688],[0.59823365,0.32080523],
[0.22296250,0.18843086],[0.15757669,1.89308858],[0.34149364,0.45520574],
[0.37341183,0.47006409],[0.18949488,1.90794693],[-0.0353269,2.05720579],
[-0.0034087,2.07206413],[0.52386117,0.75169732],[0.20746823,0.09657926],
[0.23938642,0.11143760],[0.58273938,0.22895363],[0.35791757,0.37821248],
[0.38983576,0.39307083],[-0.0189030,1.98021253],[0.54028509,0.67470406],
[-0.2118066,2.14432974],[0.19197396,0.00472765],[0.22389215,0.01958600],
[0.37434149,0.30121923],[0.40625968,0.31607758],[0.03098853,0.18370320],
[-0.0343972,1.88836093],[0.18143786,0.46533643],[0.21335605,0.48019478],
[-0.0024790,1.90321927],[0.55670901,0.59771080],[-0.2273008,2.05247813],
[0.33188720,0.74696966],[0.39076541,0.22422597],[0.01549426,0.09185160],
[0.16594360,0.37348483],[0.19786179,0.38834318],[0.22977998,0.40320152],
[-0.2108769,1.97548487],[0.34831112,0.66997641],[0.03191819,0.01485834],
[0.15044933,0.28163322],[0.18236752,0.29649157],[0.21428571,0.31134992],
[-0.1944530,1.89849162],[-0.0105361,0.46060878],[0.36473504,0.59298315],
[-0.0759219,2.16526650],[0.13991323,0.74224201],[0.17183142,0.75710035],
[0.16687325,0.20463997],[0.19879144,0.21949831],[-0.0260303,0.36875717],
[0.00588782,0.38361552],[0.15633715,0.66524875],[0.18825534,0.68010710],
[-0.0046482,0.84422430],[-0.0096064,0.29176392],[0.02231174,0.30662226],
[0.14084288,0.57339714],[0.17276107,0.58825549],[0.20467926,0.60311384],
[-0.2359776,2.17539719],[-0.0520607,0.73751435],[-0.0201425,0.75237270],
[0.00681747,0.21477066],[0.13030678,1.03400593],[0.15726681,0.49640389],
[-0.0675550,0.64566275],[-0.0356368,0.66052109],[-0.0037186,0.67537944],
[0.14673070,0.95701267],[0.72993492,1.10154387],[-0.0511310,0.56866949],
[-0.0192128,0.58352784],[0.01270529,0.59838618],[0.13123644,0.86516107],
[0.16315463,0.88001941],[0.74635884,1.02455061],[-0.0616671,1.02927827],
[-0.0297489,1.04413662],[-0.0347071,0.49167623],[-0.0027889,0.50653458],
[0.14766036,0.78816781],[-0.0771614,0.93742667],[-0.0452432,0.95228501],
[-0.0607375,0.86043341],[-0.0288193,0.87529176],[-0.2217229,1.03940896],
[0.12162999,1.15692499],[-0.0712736,1.32104219],[0.51193058,1.46557339],
[-0.0443136,0.78344015],[-0.2052990,0.96241571],[-0.0867678,1.22919059],
[0.52835450,1.38858014],[-0.1888751,0.88542245],[-0.0703439,1.15219733],
[0.51286024,1.29672853],[-0.2951657,1.30145619],[-0.2632475,1.31631453],
[0.47040594,1.74247897],[0.50232414,1.75733731],[0.52928416,1.21973527],
[-0.2787418,1.22446293],[-0.2468236,1.23932128],[0.89556863,0.07834401],
[0.48682987,1.66548571],[0.51874806,1.68034406],[-0.2623179,1.14746967],
[-0.2303997,1.16232802],[0.91199256,0.00135075],[0.47133560,1.57363410],
[0.50325379,1.58849245],[-0.3047722,1.59322011],[0.31035017,1.75260966],
[0.46079950,2.03424289],[0.49271769,2.04910123],[0.48775952,1.49664085],
[0.70359466,0.07361635],[0.73551286,0.08847470],[0.51967771,1.51149919],
[-0.2883483,1.51622685],[0.29485590,1.66075805],[0.85404400,0.35524958],
[0.44530523,1.94239128],[0.47722342,1.95724963],[0.50914161,1.97210798],
[0.75193678,0.01148145],[-0.2719243,1.43923359],[0.31127982,1.58376480],
[0.87046792,0.27825633],[0.46172916,1.86539802],[0.49364735,1.88025637],
[0.26882553,2.02951523],[0.30074372,2.04437358],[0.32770374,1.50677154],
[0.51162070,0.06888870],[0.88689185,0.20126307],[0.44623489,1.77354642],
[0.66207003,0.35052193],[0.69398822,0.36538028],[0.47815308,1.78840477],
[0.25333126,1.93766363],[0.28524945,1.95252197],[0.67849395,0.27352867],
[0.71041214,0.28838702],[0.26975519,1.86067037],[0.30167338,1.87552872],
[0.07685156,2.02478757],[0.42020452,2.14230360],[0.45212271,2.15716195],
[0.48404090,2.17202029],[0.13572977,1.50204388],[0.31964673,0.06416104],
[0.66299969,0.18167707],[0.69491788,0.19653541],[0.72683607,0.21139376],
[0.28617911,1.78367711],[0.47009606,0.34579427],[0.50201425,0.36065262],
[0.43662844,2.06531034],[0.09327548,1.94779432],[0.65246358,0.64228585],
[0.67942361,0.10468381],[0.71134180,0.11954216],[0.86179113,0.40117539],
[0.45460179,0.25394267],[0.48651998,0.26880101],[0.51843817,0.28365936],
[0.10969941,1.87080106],[0.66888751,0.56529259],[0.22823055,2.13757594],
[0.26014874,2.15243429],[0.29206693,2.16729264],[0.47102572,0.17694941],
[0.50294391,0.19180776],[0.53486210,0.20666611],[0.09420514,1.77894946],
[0.31004028,0.35592496],[0.12612333,1.79380780],[0.65339324,0.47344099],
[0.68531143,0.48829933],[-0.0986984,1.94306666],[0.46048961,0.63755819],
[0.24465447,2.06058268],[0.27657266,2.07544103],[0.48744964,0.09995615],
[0.51936783,0.11481450],[0.29454601,0.26407336],[0.32646420,0.27893171],
[0.66981716,0.39644773],[0.44499535,0.54570659],[0.47691354,0.56056494],
[0.06817477,2.14770663],[0.10009296,2.16256498],[0.27905175,0.17222175],
[0.31096994,0.18708010],[0.34288813,0.20193845],[0.11806631,0.35119731],
[0.46141927,0.46871333],[0.49333746,0.48357168],[0.05268050,2.05585503],
[0.64378679,0.76520491],[0.26851564,0.63283054],[0.30043383,0.64768888],
[0.08459869,2.07071338],[0.29547567,0.09522850],[0.32739386,0.11008684],
[0.10257204,0.25934570],[0.13449023,0.27420405],[0.47784319,0.39172007],
[0.25302138,0.54097893],[0.28493957,0.55583728],[0.31685776,0.57069563],
[-0.1237991,2.14297898],[0.43538890,0.83747051],[0.11899597,0.18235245],
[-0.0739076,0.34646965],[0.26944530,0.46398567],[0.30136349,0.47884402],
[0.33328168,0.49370237],[-0.1073752,2.06598572],[0.07654167,0.62810288],
[0.10845986,0.64296123],[0.45181282,0.76047725],[0.13541989,0.10535919],
[0.22699101,0.90973611],[0.25890920,0.92459446],[0.28586922,0.38699242],
[0.06104741,0.53625128],[0.09296560,0.55110962],[0.12488379,0.56596797],
[0.24341493,0.83274285],[0.27533312,0.84760120],[0.07747133,0.45925802],
[0.10938952,0.47411637],[-0.1154322,0.62337522],[-0.0835140,0.63823357],
[0.25983885,0.75574959],[0.29175704,0.77060794],[0.03501704,0.90500845],
[0.06693523,0.91986680],[0.09885342,0.93472515],[0.09389525,0.38226476],
[0.12581344,0.39712311],[0.21738456,1.20150003],[-0.0990083,0.54638197],
[0.05144096,0.82801520],[0.08335915,0.84287354],[0.11527734,0.85773189],
[0.23380849,1.12450677],[-0.0825844,0.46938871],[0.06786488,0.75102194],
[0.09978308,0.76588029],[0.25023241,1.04751352],[-0.1569569,0.90028080],
[-0.1250387,0.91513914],[-0.0931205,0.92999749],[-0.0661605,0.39239545],
[0.02541059,1.19677237],[0.05732878,1.21163072],[0.05237062,0.65917033],
[0.08428881,0.67402868],[-0.1405330,0.82328754],[-0.1086148,0.83814589],
[0.04183452,1.11977912],[0.07375271,1.13463746],[-0.1241090,0.74629428],
[-0.0921908,0.76115263],[0.05825844,1.04278586],[0.64146265,1.18731706],
[-0.1665633,1.19204472],[-0.1346451,1.20690306],[-0.1076851,0.66930103],
[0.01580415,1.48853629],[0.59900836,1.63306750],[0.04276417,0.95093425],
[0.65788658,1.11032380],[-0.1820576,1.10019311],[-0.1501394,1.11505146],
[-0.1182212,1.12990981],[0.03222807,1.41154304],[0.61543229,1.55607424],
[-0.1656337,1.02319986],[-0.1337155,1.03805820],[-0.1017973,1.05291655],
[0.01673380,1.31969143],[0.59993802,1.46422263],[0.63185621,1.47908098],
[-0.1761698,1.48380864],[-0.1492097,0.94620660],[0.61636194,1.38722938],
[0.64828013,1.40208772],[-0.1916640,1.39195703],[-0.1597458,1.40681538],
[0.42345832,1.55134658],[-0.3526495,1.57093259],[0.57390765,1.83297981],
[-0.1752401,1.31496378],[-0.1433219,1.32982212],[-0.3362255,1.49393933],
[0.55841338,1.74112821],[0.59033157,1.75598655],[0.39742795,1.92010376],
[-0.3198016,1.41694607],[0.57483731,1.66413495],[0.60675550,1.67899330],
[-0.2012705,1.68372095],[0.79067245,0.24111046],[0.82259064,0.25596880],
[0.38193368,1.82825215],[0.41385187,1.84311050],[-0.3033777,1.33995282],
[-0.1848466,1.60672770],[0.77517818,0.14925885],[0.80709637,0.16411720],
[0.83901456,0.17897555],[0.39835760,1.75125890],[-0.3777502,1.77084490],
[0.20545398,1.91537610],[0.79160210,0.07226560],[0.82352029,0.08712394],
[0.85543848,0.10198229],[0.41478153,1.67426564],[-0.3613263,1.69385165],
[0.59869848,0.23638280],[0.63061667,0.25124115],[0.74914781,0.51801603],
[0.78106600,0.53287438],[0.34040904,2.10515773],[0.37232723,2.12001608],
[0.40424542,2.13487442],[-0.3449023,1.61685839],[0.58320421,0.14453120],
[0.61512240,0.15938954],[0.64704059,0.17424789],[0.76557173,0.44102277],
[0.79748992,0.45588112],[0.35683297,2.02816447],[0.38875116,2.04302282],
[-0.4192748,2.04775047],[0.59962813,0.06753794],[0.63154632,0.08239629],
[0.78199566,0.36402952],[0.81391385,0.37888786],[0.40672451,0.23165514],
[0.43864270,0.24651349],[0.37325689,1.95117121],[-0.4028509,1.97075722],
[0.55717384,0.51328837],[0.58909203,0.52814672],[0.62101022,0.54300507],
[0.18035326,2.11528842],[0.73954136,0.80977995],[0.64797025,0.00540303],
[0.79841958,0.28703626],[0.42314843,0.15466189],[-0.3864270,1.89376396],
[0.57359776,0.43629512],[0.60551595,0.45115346],[0.19677719,2.03829516],
[0.75596529,0.73278669],[0.43957235,0.07766863],[0.59002169,0.35930186],
[0.62193988,0.37416021],[0.21320111,1.96130191],[0.77238921,0.65579344],
[0.39711806,0.52341907],[0.42903625,0.53827741],[-0.0116207,2.11056076],
[0.45599628,0.00067537],[0.54756740,0.80505229],[0.57948559,0.81991064],
[0.57452742,0.26745026],[0.60644561,0.28230860],[0.23117446,0.14993423],
[0.38162379,0.43156746],[0.41354198,0.44642581],[0.00480322,2.03356751],
[0.56399132,0.72805904],[0.24759838,0.07294098],[0.39804772,0.35457420],
[0.42996591,0.36943255],[0.02122714,1.95657425],[0.58041524,0.65106578],
[0.20514409,0.51869141],[0.35559343,0.80032464],[0.38751162,0.81518299],
[0.53796095,1.09681622],[0.38255345,0.26272260],[0.41447164,0.27758095],
[0.56492097,0.55921418],[0.18964982,0.42683980],[0.22156801,0.44169815],
[0.34009916,0.70847303],[0.37201735,0.72333138],[0.40393554,0.73818973],
[0.20607375,0.34984655],[0.23799194,0.36470490],[0.35652308,0.63147978],
[0.38844127,0.64633812],[0.42035946,0.66119647],[0.01317012,0.51396375],
[0.53889061,0.92797135],[0.16361946,0.79559698],[0.19553765,0.81045533],
[0.34598698,1.09208856],[0.22249767,0.27285329],[0.37294700,0.55448652],
[0.02959405,0.43697050],[0.14812519,0.70374538],[0.18004338,0.71860373],
[0.21196157,0.73346207],[0.33049271,1.00023695],[0.36241090,1.01509530],
[0.16454911,0.62675212],[0.19646730,0.64161047],[0.22838549,0.65646882],
[0.34691664,0.92324370],[0.37883483,0.93810205],[-0.0283545,0.79086933],
[0.00356368,0.80572767],[0.12209482,1.07250256],[0.15401301,1.08736090],
[0.18593120,1.10221925],[0.18097303,0.54975886],[0.21289123,0.56461721],
[-0.0119305,0.71387607],[0.01998760,0.72873442],[0.13851874,0.99550930],
[0.17043693,1.01036765],[0.20235512,1.02522599],[0.32088627,1.29200087],
[0.00449333,0.63688281],[0.15494267,0.91851604],[0.18686086,0.93337439],
[0.33731019,1.21500762],[-0.0698791,1.06777490],[-0.0379609,1.08263325],
[-0.0060427,1.09749159],[0.11248837,1.36426648],[0.14440656,1.37912482],
[0.02091726,0.55988956],[0.17136659,0.84152278],[-0.0534552,0.99078164],
[-0.0215370,1.00563999],[0.01038115,1.02049834],[0.12891230,1.28727322],
[0.16083049,1.30213157],[-0.0320731,1.46624877],[-0.0370312,0.91378839],
[-0.0051131,0.92864673],[0.14533622,1.21027996],[-0.2299349,1.07790559],
[-0.1980167,1.09276394],[-0.0794855,1.35953882],[-0.0475674,1.37439717],
[-0.0206073,0.83679513],[0.10288193,1.65603040],[-0.2135110,1.00091233],
[-0.0630616,1.28254556],[-0.0311434,1.29740391],[0.11930585,1.57903714],
[-0.2240471,1.46152112],[-0.0735977,1.74315434],[-0.1970870,0.92391908],
[-0.0466377,1.20555231],[-0.0147195,1.22041065],[-0.2714595,1.35481116],
[-0.2395413,1.36966951],[-0.2076231,1.38452786],[-0.0890920,1.65130274],
[-0.0621320,1.11370070],[-0.2550356,1.27781791],[-0.2231174,1.29267625],
[-0.0726681,1.57430948],[0.91927486,0.13169899],[0.95119305,0.14655733],
[0.51053610,1.71884068],[-0.2655717,1.73842669],[-0.2705299,1.18596630],
[-0.2386117,1.20082465],[-0.2066935,1.21568300],[-0.1151224,2.02005992],
[-0.0562441,1.49731623],[0.90378060,0.03984738],[0.93569879,0.05470573],
[0.52696002,1.64184743],[-0.2810660,1.64657508],[-0.2491478,1.66143343],
[-0.2541059,1.10897305],[0.48450573,2.08759786],[0.54338394,1.56485417],
[-0.2646420,1.56958183],[-0.2327238,1.58444017],[0.72730089,0.12697133],
[0.87775023,0.40860456],[0.46901146,1.99574626],[0.50092965,2.01060461],
[-0.2801363,1.47773022],[-0.2482181,1.49258857],[-0.2162999,1.50744692],
[0.71180663,0.03511973],[0.74372482,0.04997807],[0.86225596,0.31675296],
[0.89417415,0.33161130],[0.48543538,1.91875300],[0.51735357,1.93361135],
[-0.2906724,1.93833900],[0.29253176,2.08287021],[-0.2637124,1.40073697],
[0.87867988,0.23975970],[0.91059807,0.25461805],[0.53532692,0.12224367],
[0.50185931,1.84175974],[-0.3061667,1.84648740],[-0.2742485,1.86134575],
[0.68577626,0.40387690],[0.71769445,0.41873525],[0.30895568,2.00587695],
[0.89510381,0.16276644],[0.92702200,0.17762479],[0.55175085,0.04525042],
[0.67028199,0.31202530],[0.70220018,0.32688365],[0.73411837,0.34174199],
[-0.2897427,1.76949414],[-0.2578246,1.78435249],[0.32537960,1.92888369],
[0.85264951,0.60851688],[0.15943600,1.55539886],[0.68670591,0.23503204],
[0.71862410,0.24989039],[0.75054229,0.26474874],[0.86907344,0.53152362],
[0.52572048,0.41400760],[0.46033467,2.11866532],[0.64425162,0.68078248],
[0.67616981,0.69564082],[0.70808800,0.71049917],[0.49225286,2.13352366],
[-0.3157731,2.13825132],[0.70312984,0.15803879],[0.73504803,0.17289713],
[0.88549736,0.45453036],[0.51022621,0.32215599],[0.54214440,0.33701434],
[0.66067555,0.60378922],[0.69259374,0.61864757],[-0.2993492,2.06125806],
[0.52665013,0.24516273],[0.67709947,0.52679596],[0.70901766,0.54165431],
[0.33374651,0.40927994],[0.30027889,2.12879601],[0.48419584,0.69091317],
[0.51611403,0.70577152],[0.51115587,0.15331113],[0.54307406,0.16816948],
[0.63464518,0.97254640],[0.66656337,0.98740474],[0.69352339,0.44980271],
[0.31825224,0.31742833],[0.46870158,0.59906156],[0.50061977,0.61391991],
[0.53253796,0.62877826],[0.65106910,0.89555314],[0.33467616,0.24043508],
[0.48512550,0.52206831],[0.51704369,0.53692665],[0.10830492,2.12406835],
[0.66749302,0.81855988],[0.29222187,0.68618551],[0.32414006,0.70104386],
[0.35110009,0.16344182],[0.44267121,0.96781874],[0.47458940,0.98267709],
[0.46963123,0.43021670],[0.50154942,0.44507505],[0.62503873,1.26431032],
[0.27672761,0.59433391],[0.30864580,0.60919226],[0.45909513,0.89082548],
[0.49101332,0.90568383],[0.29810969,1.06980104],[0.29315153,0.51734065],
[0.32506972,0.53219900],[0.47551905,0.81383223],[0.50743724,0.82869058],
[0.10024790,0.68145786],[0.25069724,0.96309108],[0.28261543,0.97794943],
[0.31453362,0.99280778],[0.30957545,0.44034739],[0.43306476,1.25958266],
[0.46002479,0.72198062],[0.11667183,0.60446460],[0.26712116,0.88609783],
[0.29903935,0.90095618],[0.44948868,1.18258940],[0.13309575,0.52747134],
[0.25162689,0.79424622],[0.28354508,0.80910457],[0.31546327,0.82396292],
[0.05872327,0.95836343],[0.09064146,0.97322178],[0.46591261,1.10559615],
[0.14951967,0.45047809],[0.24109079,1.25485501],[0.27300898,1.26971335],
[0.26805082,0.71725297],[0.29996901,0.73211131],[0.07514719,0.88137017],
[0.10706538,0.89622852],[0.45041834,1.01374454],[0.25751471,1.17786175],
[0.28943290,1.19272010],[-0.0588782,0.52274369],[0.09157111,0.80437692],
[0.12348930,0.81923526],[0.24202045,1.08601014],[0.27393864,1.10086849],
[0.30585683,1.11572684],[-0.1013325,0.96849412],[0.04911682,1.25012735],
[0.08103501,1.26498570],[0.10799504,0.72738366],[0.23148435,1.54661893],
[-0.0849085,0.89150086],[0.25844437,1.00901689],[0.03362255,1.15827574],
[0.06554074,1.17313409],[0.09745894,1.18799244],[0.21599008,1.45476732],
[0.24790827,1.46962567],[-0.1004028,0.79964926],[-0.0684846,0.81450761],
[0.05500464,1.63374287],[0.05004648,1.08128249],[0.08196467,1.09614084],
[0.11388286,1.11099918],[-0.1428571,1.24539969],[-0.1109389,1.26025804],
[0.23241400,1.37777406],[0.26433219,1.39263241],[-0.0839789,0.72265600],
[0.00759219,1.52703292],[0.03951038,1.54189127],[0.06647040,1.00428923],
[-0.1264332,1.16840644],[-0.0945150,1.18326478],[0.02401611,1.45003967],
[0.05593430,1.46489801],[-0.1369693,1.62901522],[0.20638363,1.74653124],
[-0.1419274,1.07655483],[-0.1100092,1.09141318],[-0.0780911,1.10627153],
[0.01348001,1.91064845],[0.04044003,1.37304641],[0.07235822,1.38790476],
[-0.1843817,1.52230527],[-0.1524635,1.53716361],[-0.1205453,1.55202196],
[0.22280756,1.66953799],[-0.1255035,0.99956157],[-0.0020142,1.81879684],
[-0.1679578,1.44531201],[-0.1360396,1.46017036],[-0.1041214,1.47502870],
[0.85590331,0.01755986],[0.01440966,1.74180359],[-0.1515339,1.36831875],
[-0.1196157,1.38317710],[-0.3444375,1.53243596],[-0.3125193,1.54729431],
[0.03083359,1.66481033],[-0.1939882,1.81406919],[-0.1620700,1.82892753],
[-0.1670281,1.27646715],[-0.3280136,1.45544270],[0.81437867,0.29446543],
[0.84629687,0.30932378],[-0.1775643,1.73707593],[-0.1456461,1.75193428],
[-0.3385497,1.91605148],[-0.3115897,1.37844944],[0.79888441,0.20261383],
[0.83080260,0.21747218],[-0.1611403,1.66008267],[-0.1292221,1.67494102],
[-0.3859621,1.80934153],[-0.3540440,1.82419988],[-0.3221258,1.83905823],
[-0.2035946,2.10583311],[0.81530833,0.12562057],[0.84722652,0.14047892],
[0.03920049,0.14520658],[-0.1766346,1.56823107],[0.62240471,0.28973778],
[-0.3695382,1.73234827],[-0.3376200,1.74720662],[0.77285404,0.57137101],
[0.80477223,0.58622935],[0.83669042,0.60108770],[-0.1871707,2.02883985],
[0.39603346,2.17337105],[0.83173225,0.04862732],[0.86365044,0.06348566],
[0.05562441,0.06821332],[0.63882863,0.21274452],[-0.3531143,1.65535502],
[-0.3211961,1.67021336],[0.78927796,0.49437775],[0.82119615,0.50923610],
[-0.1707468,1.95184659],[0.41245739,2.09637779],[-0.3955686,2.10110545],
[-0.3636504,2.11596380],[0.65525255,0.13575126],[0.77378370,0.40252614],
[0.80570189,0.41738449],[0.83762008,0.43224284],[0.42888131,2.01938454],
[0.61279826,0.58150170],[-0.3791447,2.02411219],[-0.3472265,2.03897054],
[0.67167647,0.05875801],[0.76324759,0.86313493],[0.79516578,0.87799327],
[0.44685466,0.20801686],[0.79020762,0.32553289],[0.82212581,0.34039124],
[0.59730399,0.48965009],[0.62922218,0.50450844],[-0.3946389,1.93226059],
[-0.3627207,1.94711894],[0.22048342,2.09165014],[0.74775333,0.77128332],
[0.77967152,0.78614167],[0.81158971,0.80100002],[0.46327858,0.13102361],
[0.61372792,0.41265684],[0.64564611,0.42751518],[0.42082429,0.57677404],
[0.76417725,0.69429007],[0.79609544,0.70914841],[0.57127362,0.85840727],
[0.60319181,0.87326562],[0.63015184,0.33566358],[0.40533002,0.48492244],
[0.43724821,0.49978078],[0.78060117,0.61729681],[0.55577936,0.76655567],
[0.58769755,0.78141401],[0.61961574,0.79627236],[0.73814688,1.06304724],
[0.42175395,0.40792918],[0.45367214,0.42278753],[0.22885032,0.57204639],
[0.57220328,0.68956241],[0.60412147,0.70442076],[0.63603966,0.71927910],
[0.37929965,0.85367961],[0.41121784,0.86853796],[0.75457080,0.98605399],
[0.43817787,0.33093592],[0.52974899,1.13531284],[0.56166718,1.15017119],
[0.58862720,0.61256915],[0.36380539,0.76182801],[0.39572358,0.77668636],
[0.42764177,0.79154471],[0.54617291,1.05831959],[0.57809110,1.07317793],
[0.38022931,0.68483475],[0.41214750,0.69969310],[0.44406569,0.71455145],
[0.18732568,0.84895196],[0.21924387,0.86381031],[0.56259683,0.98132633],
[0.59451502,0.99618468],[0.33777502,1.13058519],[0.36969321,1.14544354],
[0.40161140,1.16030188],[0.39665323,0.60784150],[0.42857142,0.62269984],
[0.52014254,1.42707676],[0.20374961,0.77195870],[0.35419894,1.05359193],
[0.38611713,1.06845028],[0.41803532,1.08330863],[0.53656647,1.35008351],
[0.22017353,0.69496544],[0.37062286,0.97659867],[0.40254105,0.99145702],
[0.14580105,1.12585753],[0.17771924,1.14071588],[0.20963743,1.15557423],
[0.55299039,1.27309025],[0.23659745,0.61797219],[0.32816857,1.42234911],
[0.36008676,1.43720746],[0.35512860,0.88474707],[0.38704679,0.89960542],
[0.16222497,1.04886427],[0.19414316,1.06372262],[0.34459250,1.34535585],
[0.37651069,1.36021420],[0.18360706,1.52433140],[0.17864889,0.97187102],
[0.21056709,0.98672937],[-0.0142547,1.13598822],[0.36101642,1.26836259],
[0.39293461,1.28322094],[0.04462348,0.61324453],[0.13619460,1.41762145],
[0.16811279,1.43247980],[0.20003098,1.44733815],[0.19507282,0.89487776],
[0.31856213,1.71411303],[0.00216919,1.05899497],[0.34552215,1.17651099],
[0.15261853,1.34062820],[0.18453672,1.35548654],[-0.0083669,1.51960375],
[0.33498605,1.63711977],[-0.0133250,0.96714336],[0.01859312,0.98200171],
[0.14208242,1.80123698],[-0.2062286,1.13126057],[0.13712426,1.24877659],
[0.16904245,1.26363494],[0.20096064,1.27849329],[0.35140997,1.56012651],
[-0.0557793,1.41289380],[-0.0238611,1.42775214],[0.00309885,0.89015010],
[0.12658816,1.70938537],[-0.1898047,1.05426731],[0.15354818,1.17178333],
[-0.0393554,1.33590054],[-0.0074372,1.35075889],[0.14301208,1.63239212],
[-0.1733808,0.97727405],[-0.0498915,1.79650932],[-0.0548497,1.24404893],
[-0.0229315,1.25890728],[0.00898667,1.27376563],[0.10055779,2.07814255],
[-0.2477533,1.40816614],[-0.0653858,1.70465772],
