[0.38372093,1.63300696],[0.69767441,2.96910356],[0.24418604,1.03918624],
[0.36046511,5.78975195],[0.52325581,2.22682767],[0.04651162,4.45365534],
[-0.0930232,3.85983463],[0.66279069,2.82064838],[0.46511627,6.23511748],
[0.06976744,0.29691035],[0.34883720,1.48455178],[0.32558139,5.64129677],
[0.18604651,5.04747606],[0.20930232,0.89073106],[0.01162790,4.30520017],
[-0.1279069,3.71137945],[0.62790697,2.67219320],[0.43023255,6.08666231],
[0.48837209,2.07837249],[0.29069767,5.49284159],[0.15116279,4.89902088],
[0.17441860,0.74227589],[0.03488372,0.14845517],[-0.1627906,3.56292427],
[0.45348837,1.92991731],[0.31395348,1.33609660],[-0.0232558,4.15674499],
[0.59302325,2.52373803],[0.13953488,0.59382071],[0.0,0.0],
[-0.1976744,3.41446910],[0.25581395,5.34438641],[0.11627906,4.75056570],
[0.73255813,3.11755874],[0.55813953,2.37528285],[0.39534883,5.93820713],
[0.41860465,1.78146213],[0.22093023,5.19593124],[0.27906976,1.18764142],
[0.08139534,4.60211052],[0.10465116,0.44536553],[-0.0581395,4.00828981],
[-0.2325581,3.26601392],
