[0.04197391 1.83939587],[-0.21412365  5.10903065],[-0.29693704  5.27559012],
[0.38372093 1.63300696],[0.42200794 0.55037042],[0.16591038 3.8200052 ],
[0.0113443  0.15207604],[0.59897901 0.36932752],[-0.24475326  3.42171082],
[0.34288145 3.6389623 ],[0.121384   2.90392812],[0.70901872 3.1211796 ],
[-0.13471356  6.1735629 ],[0.04225752 5.99252   ],[0.13528077 2.13268537],
[0.72291548 2.34993685],[0.7612025 1.2673003],[0.67838911 1.43385977],
[0.50510493 4.53693508],[0.42229155 4.70349455],[0.71667612 0.35122323],
[0.46057856 3.62085801],[0.04991492 3.22256363],[0.63754963 3.43981511],
[0.06381168 2.45132087],[0.41973908 5.62681334],[0.42994895 1.93353818],
[0.17385139 5.20317296],[0.01928531 1.5352438 ],[-0.23681225  4.80487858],
[-0.19852524  3.72224203],[0.38910947 3.93949351],[0.48213273 0.07965888],
[0.39931934 0.24621834],[0.14322178 3.51585313],[0.76914351 2.65046806],
[0.51304594 5.92010284],[0.35847986 2.25217368],[0.1023823  5.52180846],
[0.39676687 1.16953714],[0.14066931 4.43917192],[0.15087918 0.74589675],
[0.7385139  0.96314823],[-0.10521838  4.01553153],[0.48241634 4.23278301],
[0.32785026 0.56485385],[0.07175269 3.83448863],[0.11003971 2.75185209],
[0.69767442 2.96910357],[-0.14605786  6.02148687],[0.44157686 6.23873835],
[-0.19058423  5.10540979],[0.39705048 5.32266127],[0.49007374 1.46282664],
[0.0794101  1.06453225],[0.66704481 1.28178373],[-0.17668746  4.33416704],
[0.41094725 4.55141852],[-0.22121384  3.41808996],[0.36642087 3.63534144],
[-0.20731707  2.6468472 ],[0.14861032 5.82233968],[0.41860465 1.78146214],
[0.16250709 5.05109692],[0.37407828 0.86538506],[0.11798071 4.13501984],
[-0.29268293  3.73672546],[0.38797504 0.09414231],[0.49801475 2.84599439],
[0.07714124 6.14097518],[0.24191719 6.11562917],[0.08735111 2.44770001],
[0.67498582 2.66495149],[-0.16874645  5.71733479],[0.41888826 5.93458627],
[0.12563812 1.36506347],[0.71327283 1.58231495],[-0.13045944  4.63469825],
[0.45717527 4.85194973],[0.04651163 4.45365535],[0.13953488 0.59382071],
[0.0567215  0.76038018],[-0.19937606  4.03001496],[-0.16108905  2.94737842],
[0.42654566 3.1646299 ],[-0.41718661  6.2170132 ],[0.05416903 1.68369897],
[0.21894498 1.65835297],[-0.20192853  4.95333375],[0.80657969 1.87560445],
[0.39591605 1.47731007],[0.13981849 4.74694485],[0.43420306 0.39467352],
[0.1781055 3.6643083],[0.61117413 0.21363062],[-0.23255814  3.26601392],
[0.35507657 3.4832654 ],[0.13357913 2.74823123],[0.72121384 2.96548271],
[-0.12251843  6.01786601],[0.46511628 6.23511749],[0.05445264 5.83682311],
[0.14747589 1.97698847],[0.73511061 2.19423995],[0.77339762 1.11160341],
[0.69058423 1.27816288],[0.51730006 4.38123819],[0.43448667 4.54779766],
[0.11684628 0.28966864],[0.47277368 3.46516111],[-0.19398752  6.33650151],
[-0.10096427  2.47666688],[0.48667045 2.69391836],[0.07600681 2.29562398],
[-0.18009075  5.56525876],[0.44214407 1.77784128],[0.18604651 5.04747606],
[0.03148043 1.3795469 ],[-0.22461713  4.64918168],[0.40130459 3.78379662],
[0.41151446 0.09052145],[0.1554169  3.36015623],[0.78133863 2.49477117],
[0.52524107 5.76440595],[0.37067499 2.09647679],[0.11457742 5.36611157],
[0.15286444 4.28347502],[0.16307431 0.59019986],[0.75070902 0.80745134],
[-0.09302326  3.85983464],[0.49461146 4.07708612],[0.34004538 0.40915695],
[0.08394782 3.67879174],[0.12223483 2.59615519],[0.70986954 2.81340667],
[-0.13386273  5.86578997],[0.45377198 6.08304145],[-0.12365286  2.1725148 ],
[0.46398185 2.38976629],[0.50226886 1.30712974],[0.2461713  4.57676452],
[0.09160522 0.90883536],[0.67923993 1.12608684],[-0.16449234  4.17847014],
[0.42314237 4.39572162],[0.378616   3.47964455],[-0.19512195  2.49115031],
[0.43079977 1.62576525],[0.17470221 4.89540003],[0.13017584 3.97932295],
[0.22319909 0.11948831],[0.81083381 0.33673979],[0.1440726  3.20808019],
[0.51020987 2.6902975 ],[0.25411231 5.95993228],[0.09954623 2.29200312],
[0.68718094 2.5092546 ],[-0.15655133  5.5616379 ],[0.43108338 5.77888938],
[0.72546795 1.42661805],[-0.11826432  4.47900136],[0.46937039 4.69625284],
[0.15173001 0.43812382],[0.06891662 0.60468329],[-0.18718094  3.87431807],
[-0.14889393  2.79168152],[0.43874078 3.008933  ],[-0.40499149  6.0613163 ],
[0.18264322 6.27856779],[0.2311401  1.50265607],[-0.18973341  4.79763686],
[0.81877482 1.71990755],[0.40811117 1.32161317],[0.15201361 4.59124795],
[0.44639818 0.23897663],[0.19030062 3.50861141],[0.62336926 0.05793373],
[-0.22036302  3.11031703],[0.78814521 0.03258772],[0.3672717  3.32756851],
[-0.47646058  6.37995181],[-0.11032331  5.86216911],[0.4773114  6.07942059],
[0.57033466 2.21958596],[0.15967102 1.82129158],[0.74730573 2.03854306],
[-0.09642655  5.09092636],[0.49120817 5.30817784],[0.78559274 0.95590651],
[0.70277935 1.12246598],[0.52949518 4.22554129],[0.44668179 4.39210076],
[0.12904141 0.13397175],[-0.08876914  2.32096998],[0.49886557 2.53822146],
[-0.3448667   5.59060476],[0.08820193 2.13992708],[-0.16789563  5.40956186],
[0.45433919 1.62214439],[0.19824163 4.89177917],[-0.21242201  4.49348479],
[0.46823596 0.85090163],[0.25042541 3.03789987],[0.16761202 3.20445934],
[0.79353375 2.33907427],[0.53743619 5.60870905],[0.12677255 5.21041467],
[0.17526943 0.43450296],[0.76290414 0.65175444],[-0.08082813  3.70413774],
[0.50680658 3.92138922],[0.3522405  0.25346006],[0.09614294 3.52309484],
[0.13442995 2.4404583 ],[0.72206466 2.65770978],[-0.12166761  5.71009308],
[0.4659671  5.92734456],[-0.11145774  2.01681791],[0.47617697 2.23406939],
[0.51446398 1.15143285],[0.25836642 4.42106763],[0.10380034 0.75313847],
[0.69143505 0.97038995],[-0.15229722  4.02277325],[0.43533749 4.24002473],
[-0.45292116  6.37633095],[0.22773681 2.7337478 ],[-0.18292683  2.33545341],
[-0.43902439  5.6050882 ],[0.4429949  1.47006835],[0.18689733 4.73970313],
[0.82302893 0.1810429 ],[-0.02070335  3.2334262 ],[0.15626773 3.0523833 ],
[0.52240499 2.53460061],[0.26630743 5.80423539],[0.11174135 2.13630622],
[0.69937606 2.3535577 ],[-0.14435621  5.40594101],[0.4432785  5.62319249],
[-0.1060692   4.32330446],[0.48156551 4.54055594],[0.16392513 0.28242692],
[0.08111174 0.44898639],[-0.09217243  3.55206171],[-0.17498582  3.71862117],
[-0.13669881  2.63598463],[0.4509359  2.85323611],[-0.39279637  5.90561941],
[0.19483834 6.12287089],[-0.12280204  1.86474187],[0.24333522 1.34695918],
[0.83096994 1.56421066],[-0.01276234  4.61659396],[0.57487238 4.83384544],
[0.4203063  1.16591628],[0.16420874 4.43555106],[0.45859331 0.08327973],
[0.20249575 3.35291452],[-0.2081679   2.95462013],[0.37946682 3.17187161],
[-0.46426546  6.22425492],[0.58252978 2.06388906],[0.32643222 5.33352385],
[0.17186614 1.66559468],[0.75950085 1.88284616],[-0.08423142  4.93522946],
[0.50340329 5.15248094],[0.79778786 0.80020962],[0.5416903 4.0698444],
[0.45887691 4.23640387],[0.55190017 0.37656923],[-0.11486103  3.24790963],
[-0.07657402  2.16527309],[0.51106069 2.38252457],[-0.33267158  5.43490787],
[0.25496313 5.65215935],[0.10039705 1.98423019],[-0.15570051  5.25386497],
[0.21043676 4.73608227],[0.48043108 0.69520474],[0.22433352 3.96483952],
[0.26262053 2.88220297],[0.17980715 3.04876244],[0.00652297 6.15183775],
[-0.07629041  6.31839722],[0.80572887 2.18337738],[0.54963131 5.45301216],
[0.13896767 5.05471778],[0.23199092 1.19488314],[0.81962564 1.41213462],
[0.18746455 0.27880607],[0.77509926 0.49605755],[-0.06863301  3.54844085],
[0.5190017  3.76569233],[0.10833806 3.36739795],[-0.10947249  5.55439618],
[0.47816222 5.77164766],[-0.09926262  1.86112102],[0.48837209 2.0783725 ],
[-0.35536018  5.1307558 ],[0.23227453 5.34800728],[0.5266591  0.99573595],
[0.27056154 4.26537073],[0.11599546 0.59744157],[0.70363018 0.81469305],
[-0.1401021   3.86707635],[0.44753261 4.08432783],[0.23993193 2.5780509 ],
[-0.01616563  5.84768568],[-0.17073171  2.17975652],[-0.42682927  5.4493913 ],
[0.45519002 1.31437146],[0.19909246 4.58400624],[0.20930233 0.89073107],
[0.79693704 1.10798255],[0.83522405 0.02534601],[-0.00850822  3.07772931],
[0.57912649 3.29498079],[0.16846285 2.89668641],[-0.08763471  6.16632119],
[0.53460011 2.37890371],[0.27850255 5.64853849],[-0.13216109  5.25024411],
[0.45547362 5.46749559],[-0.03913783  1.39040947],[0.54849688 1.60766096],
[0.17612025 0.12673003],[0.09330686 0.2932895 ],[-0.07997731  3.39636481],
[-0.1627907   3.56292428],[-0.12450369  2.48028774],[0.46313103 2.69753922],
[-0.38060125  5.74992252],[0.20703347 5.967174  ],[-0.11060692  1.70904498],
[0.47702779 1.92629646],[0.25553035 1.19126228],[0.84316506 1.40851376],
[-5.67214974e-04  4.46089707e+00],[0.5870675  4.67814855],[0.43250142 1.01021938],
[0.17640386 4.27985416],[0.21469087 3.19721762],[-0.45207033  6.06855802],
[0.55643789 2.99082871],[0.13556438 6.2858095 ],[0.5947249  1.90819217],
[0.33862734 5.17782695],[0.18406126 1.50989779],[0.77169597 1.72714927],
[-0.0720363   4.77953257],[0.51559841 4.99678405],[0.80998298 0.64451273],
[0.55388542 3.91414751],[0.56409529 0.22087234],[0.30799773 3.49050712],
[-0.10266591  3.09221274],[-0.35876347  6.36184752],[-0.0643789   2.00957619],
[0.52325581 2.22682767],[-0.32047646  5.27921098],[0.26715825 5.49646246],
[0.11259217 1.82853329],[-0.14350539  5.09816807],[0.22263188 4.58038538],
[0.90328985 0.93780222],[0.49262621 0.53950784],[0.23652864 3.80914262],
[0.27481566 2.72650608],[0.19200227 2.89306555],[0.01871809 5.99614086],
[-0.06409529  6.16270033],[0.20589904 2.12182279],[0.56182643 5.29731527],
[0.24418605 1.03918625],[0.83182076 1.25643773],[-0.01191151  4.30882103],
[0.5757232  4.52607251],[0.19965967 0.12310917],[0.78729438 0.34036065],
[-0.05643789  3.39274395],[0.53119682 3.60999543],[0.12053318 3.21170105],
[-0.09727737  5.39869929],[0.49035735 5.61595077],[-0.0870675   1.70542412],
[0.50056721 1.9226756 ],[-0.34316506  4.9750589 ],[0.24446965 5.19231038],
[0.53885423 0.84003906],[0.28275666 4.10967384],[-0.12790698  3.71137946],
[0.45972774 3.92863094],[0.55275099 0.0687963 ],[0.25212706 2.42235401],
[-3.97050482e-03  5.69198879e+00],[-0.15853659  2.02405963],[-0.41463415  5.29369441],
[0.46738514 1.15867456],[0.63216109 1.13332856],[0.21128758 4.42830934],
[0.22149745 0.73503418],[0.80913216 0.95228566],[-0.03460011  4.00466896],
[0.5530346  4.22192044],[0.0036869  2.92203241],[0.59132161 3.13928389],
[-0.25241066  6.19166719],[0.18065797 2.74098951],[-0.07543959  6.01062429],
[0.54679524 2.22320682],[0.29069767 5.4928416 ],[-0.11996597  5.09454722],
[0.46766875 5.3117987 ],[-0.02694271  1.23471258],[0.560692   1.45196406],
[-0.06778219  3.24066792],[-0.15059558  3.40722739],[-0.36840613  5.59422562],
[0.21922859 5.8114771 ],[0.31225184 1.95164247],[-0.0984118   1.55334809],
[0.48922292 1.77059957],[-0.35450936  4.82298287],[0.23312535 5.04023435],
[0.26772547 1.03556539],[0.85536018 1.25281687],[0.01162791 4.30520017],
[0.59926262 4.52245165],[0.44469654 0.85452249],[0.18859898 4.12415727],
[0.22688599 3.04152073],[-0.02921157  6.31115551],[-0.43987521  5.91286113],
[0.56863301 2.83513182],[0.1477595  6.13011261],[0.31253545 6.1047666 ],
[0.60692002 1.75249528],[0.35082246 5.02213006],[0.19625638 1.35420089],
[0.78389109 1.57145238],[-0.05984118  4.62383568],[0.52779353 4.84108716],
[0.21015315 0.58295814],[0.56608054 3.75845061],[0.57629041 0.06517544],
[0.32019285 3.33481023],[-0.09047079  2.93651584],[-0.34656835  6.20615063],
[-0.05218378  1.8538793 ],[0.53545094 2.07113078],[-0.30828134  5.12351408],
[0.27935337 5.34076556],[0.12478729 1.6728364 ],[0.28956324 1.64749039],
[-0.13131027  4.94247118],[0.91548497 0.78210533],[0.65938741 4.05174011],
[0.50482133 0.38381095],[0.24872377 3.65344573],[0.28701078 2.57080919],
[0.20419739 2.73736865],[0.03091322 5.84044397],[-0.05190017  6.00700343],
[0.21809416 1.9661259 ],[0.57402155 5.14161837],[0.25638117 0.88348935],
[0.84401588 1.10074083],[2.83607487e-04 4.15312413e+00],[0.58791832 4.37037562],
[-0.04424277  3.23704706],[0.54339195 3.45429854],[-0.12336926  6.32563894],
[-0.030346   2.4658043],[0.55728871 2.68305578],[-0.07487238  1.54972723],
[0.51276234 1.76697871],[-0.33096994  4.81936201],[0.25666478 5.03661349],
[0.55104935 0.68434216],[0.29495179 3.95397694],[-0.11571185  3.55568256],
[0.47192286 3.77293404],[0.26432218 2.26665711],[0.00822462 5.53629189],
[-0.14634146  1.86836273],[-0.40243902  5.13799751],[0.64435621 0.97763166],
[0.2234827  4.27261245],[0.23369257 0.57933728],[0.82132728 0.79658876],
[-0.02240499  3.84897206],[0.56522972 4.06622354],[0.01588202 2.76633552],
[0.60351673 2.983587  ],[-0.24021554  6.0359703 ],[0.34741917 6.25322178],
[0.19285309 2.58529262],[-0.06324447  5.8549274 ],[-0.0530346   2.16165223],
[0.3028928 5.3371447],[-0.01474759  1.07901569],[0.57288712 1.29626717],
[-0.27084515  4.34865047],[0.31678956 4.56590195],[-0.05558707  3.08497102],
[-0.13840045  3.25153049],[-0.31168463  6.3546058 ],[-0.356211    5.43852873],
[0.23142371 5.65578021],[0.32444697 1.79594557],[-0.08621668  1.39765119],
[0.50141804 1.61490267],[-0.34231424  4.66728597],[0.24532048 4.88453745],
[0.27992059 0.8798685 ],[0.8675553  1.09711998],[0.02382303 4.14950328],
[0.61145774 4.36675476],[0.2007941  3.96846038],[0.29381736 0.10862574],
[0.88145207 0.32587722],[-0.01701645  6.15545861],[0.66364152 2.51287546],
[0.58082813 2.67943493],[0.32473057 5.94906971],[0.61911514 1.59679838],
[0.36301758 4.86643316],[0.2084515 1.198504 ],[0.79608622 1.41575548],
[-0.04764606  4.46813878],[0.53998866 4.68539026],[0.22234827 0.42726124],
[0.57827567 3.60275372],[0.33238798 3.17911333],[-0.07827567  2.78081895],
[-0.33437323  6.05045373],[-0.03998866  1.69818241],[0.54764606 1.91543389],
[-0.29608622  4.96781719],[0.2915485  5.18506867],[0.30175837 1.4917935 ],
[-0.11911514  4.78677429],[0.92768009 0.62640844],[0.67158253 3.89604322],
[0.51701645 0.22811405],[0.26091889 3.49774884],[0.2992059  2.41511229],
[0.04310834 5.68474707],[-0.03970505  5.85130654],[0.05331821 1.9914719 ],
[0.64095292 2.20872338],[0.23028928 1.810429  ],[-0.02580828  5.08006378],
[0.26857629 0.72779246],[0.856211   0.94504394],[0.01247873 3.99742724],
[0.60011344 4.21467872],[0.55558707 3.29860164],[-0.28814521  6.35098495],
[-0.11117413  6.16994204],[-0.01815088  2.31010741],[0.56948383 2.52735889],
[-0.06267725  1.39403033],[0.52495746 1.61128181],[-0.31877482  4.66366511],
[0.2688599  4.88091659],[-0.04878049  0.62278758],[0.30714691 3.79828005],
[0.32104368 3.02703729],[0.2765173  2.11096022],[0.02041974 5.380595  ],
[-0.13414634  1.71266584],[-0.3902439   4.98230062],[0.65655133 0.82193477],
[0.40045377 4.09156955],[0.24588769 0.42364039],[0.8335224  0.64089187],
[-0.01020987  3.69327517],[0.57742484 3.91052665],[0.02807714 2.61063862],
[0.61571185 2.8278901 ],[-0.22802042  5.8802734 ],[0.35961429 6.09752488],
[0.20504821 2.42959572],[-0.05104935  5.6992305 ],[-0.04083948  2.00595534],
[0.31508792 5.18144781],[-0.00255247  0.92331879],[0.58508225 1.14057027],
[-0.25865003  4.19295357],[0.32898469 4.41020505],[-0.04339195  2.92927413],
[-0.29948951  6.19890891],[-0.38230289  6.36546838],[0.29835508 2.72288522],
[0.33664209 1.64024868],[0.08054453 4.90988346],[-0.07402155  1.2419543 ],
[0.51361316 1.45920578],[-0.33011912  4.51158908],[0.2575156  4.72884056],
[0.87975043 0.94142308],[0.03601815 3.99380638],[0.62365286 4.21105786],
[0.21298922 3.81276348],[0.89364719 0.17018033],[0.67583664 2.35717856],
[0.59302326 2.52373803],[0.33692569 5.79337281],[0.63131027 1.44110149],
[0.37521271 4.71073627],[-0.03545094  4.31244189],[0.55218378 4.52969337],
[0.05757232 0.45260725],[0.64520703 0.66985873],[0.23454339 0.27156435],
[-0.02155417  3.54119913],[0.3445831  3.02341644],[0.08848554 6.29305122],
[-0.06608054  2.62512206],[-0.32217811  5.89475684],[-0.28389109  4.81212029],
[0.30374362 5.02937177],[0.31395349 1.3360966 ],[0.05785593 4.60573139],
[0.93987521 0.47071154],[0.68377765 3.74034632],[0.52921157 0.07241716],
[0.27311401 3.34205194],[0.31140102 2.2594154 ],[0.05530346 5.52905018],
[0.06551333 1.83577501],[0.65314804 2.05302649],[0.2424844  1.65473211],
[-0.01361316  4.92436689],[0.28077141 0.57209557],[0.86840613 0.78934705],
[0.02467385 3.84173035],[0.61230856 4.05898183],[0.03488372 0.14845518],
[0.62251843 0.36570666],[-0.27595009  6.19528805],[0.40470788 2.5527049 ],
[-0.00595576  2.15441051],[0.58167896 2.37166199],[-0.26205332  5.4240453 ],
[0.3255814  5.64129678],[0.53715258 1.45558492],[-0.30657969  4.50796822],
[0.28105502 4.7252197 ],[-0.03658537  0.46709068],[0.3332388 2.8713404],
[0.28871242 1.95526332],[0.03261486 5.2248981 ],[-0.37804878  4.82660372],
[0.30260919 1.18402057],[0.66874645 0.66623787],[0.41264889 3.93587265],
[0.25808281 0.26794349],[0.84571753 0.48519497],[1.98525241e-03 3.53757827e+00],
[0.58961997 3.75482975],[0.04027226 2.45494173],[0.62790698 2.67219321],
[-0.2158253   5.72457651],[0.37180942 5.94182799],[-0.03885423  5.54353361],
[-0.02864436  1.85025844],[-0.28474192  5.11989322],[0.00964265 0.7676219 ],
[0.59727737 0.98487338],[-0.24645491  4.03725668],[0.34117981 4.25450816],
[-0.03119682  2.77357723],[-0.28729438  6.04321201],[0.3105502  2.56718833],
[0.34883721 1.48455178],[0.09273965 4.75418656],[-0.06182643  1.0862574 ],
[0.52580828 1.30350888],[-0.31792399  4.35589218],[0.26971072 4.57314366],
[0.04821327 3.83810949],[0.63584799 4.05536097],[0.72887124 0.19552633],
[0.90584231 0.01448343],[0.06211004 3.06686673],[0.64974475 3.28411821],
[0.68803176 2.20148167],[0.60521838 2.36804114],[0.4319342  5.47111645],
[0.34912082 5.63767592],[0.38740783 4.55503937],[0.06976744 0.29691036],
[0.65740216 0.51416184],[-0.18633012  3.56654514],[0.24673851 0.11586746],
[-0.00935905  3.38550224],[0.35677822 2.86771954],[0.10068066 6.13735432],
[-0.05388542  2.46942516],[-0.30998298  5.73905994],[-0.27169597  4.6564234 ],
[0.31593874 4.87367488],[0.408962   1.01384024],[0.32614861 1.18039971],
[0.07005105 4.45003449],[0.95207033 0.31501465],[0.69597277 3.58464943],
[0.28530913 3.18635505],[0.06749858 5.37335328],[0.07770845 1.68007812],
[0.66534317 1.8973296 ],[-0.17838911  4.9497129 ],[0.4092456  5.16696438],
[0.25467952 1.49903522],[-1.41803744e-03  4.76867000e+00],[0.29296653 0.41639867],
[0.88060125 0.63365015],[0.03686897 3.68603345],[0.62450369 3.90328493],
[0.63471356 0.21000976],[-0.20901872  3.26239306],[0.41690301 2.397008  ],
[0.16080545 5.66664278],[0.00623936 1.99871362],[0.59387408 2.2159651 ],
[-0.2498582  5.2683484],[0.33777652 5.48559988],[-0.29438457  4.35227133],
[0.29325014 4.56952281],[0.3862734  0.70968817],[-0.02439024  0.31139379],
[-0.2804878   3.58102857],[0.34543392 2.71564351],[0.08933636 5.98527829],
[0.04480998 5.06920121],[0.13783324 1.20936657],[0.31480431 1.02832367],
[0.05870675 4.29795846],[0.68094158 0.51054098],[0.42484402 3.78017576],
[0.27027794 0.1122466 ],[0.85791265 0.32949808],[0.01418037 3.38188138],
[0.60181509 3.59913286],[0.05246739 2.29924483],[0.6401021  2.51649632],
[-0.20363018  5.56887962],[0.38400454 5.7861311 ],[-0.0266591   5.38783672],
[0.06636415 1.52800208],[-0.01644923  1.69456155],[-0.2725468   4.96419633],
[0.02183778 0.611925  ],[0.60947249 0.82917648],[-0.23425978  3.88155978],
[0.35337493 4.09881126],[0.14577425 2.59253433],[-0.27509926  5.88751512],
[0.73340896 2.80978581],[0.32274532 2.41149143],[0.06664776 5.68112621],
[0.36103233 1.32885489],[0.10493477 4.59848967],[-0.04963131  0.93056051],
[0.5380034  1.14781199],[-0.30572887  4.20019529],[0.28190584 4.41744677],
[0.74106636 0.03982944],[0.4849688  3.30946422],[0.07430516 2.91116984],
[0.66193988 3.12842132],[-0.1817924   6.18080462],[0.70022689 2.04578477],
[0.6174135  2.21234424],[0.44412933 5.31541956],[0.36131594 5.48197902],
[0.04367555 1.22385001],[0.39960295 4.39934248],[0.08196256 0.14121346],
[0.66959728 0.35846494],[-0.174135    3.41084824],[0.41349972 3.62809972],
[2.83607487e-03 3.22980534e+00],[0.36897334 2.71202265],[0.11287578 5.98165743],
[-0.29778786  5.58336305],[0.38287011 1.94077989],[0.42115712 0.85814335],
[0.33834373 1.02470282],[0.16505956 4.12777813],[0.08224617 4.2943376 ],
[0.96426546 0.15931775],[0.7081679  3.42895253],[0.29750425 3.03065815],
[0.04140669 6.30029293],[0.0796937  5.21765639],[0.08990357 1.52438122],
[0.67753829 1.7416327 ],[-0.16619399  4.794016  ],[0.42144073 5.01126748],
[0.26687465 1.34333832],[0.01077708 4.6129731 ],[0.0490641  3.53033656],
[0.63669881 3.74758804],[0.64690868 0.05431287],[-0.1968236   3.10669617],
[0.39081112 3.32394765],[0.42909813 2.24131111],[0.17300057 5.51094589],
[0.01843449 1.84301673],[0.6060692  2.06026821],[-0.23766307  5.11265151],
[0.34997164 5.32990299],[0.39846852 0.55399128],[0.14237096 3.82362606],
[-0.01219512  0.15569689],[-0.26829268  3.42533168],[0.35762904 2.55994661],
[0.10153148 5.82958139],[0.0570051  4.91350432],[0.15002836 1.05366968],
[0.73766307 1.27092116],[0.32699943 0.87262678],[0.07090187 4.14226156],
[0.6931367  0.35484408],[0.43703914 3.62447887],[0.0263755  3.22618448],
[0.61401021 3.44343597],[-0.19143505  5.41318272],[0.39619966 5.6304342 ],
[0.07855927 1.37230518],[-0.00425411  1.53886465],[-0.17753829  4.64193997],
[-0.26035167  4.80849943],[0.0340329  0.45622811],[0.62166761 0.67347959],
[-0.22206466  3.72586289],[0.36557005 3.94311437],[0.15796937 2.43683744],
[-0.26290414  5.73181823],[0.74560408 2.65408892],[-0.09812819  5.70647222],
[0.48950652 5.9237237 ],[0.33494044 2.25579454],[0.07884288 5.52542932],
[0.37322745 1.17315799],[0.11712989 4.44279278],[-0.29353375  4.04449839],
[0.71497448 0.96676909],[0.29410096 4.26174987],[0.49716393 3.15376732],
[0.08650028 2.75547294],[0.674135   2.97272442],[-0.16959728  6.02510772],
[0.41803744 6.24235921],[0.71242201 1.89008788],[0.45632445 5.15972266],
[0.37351106 5.32628213],[0.46653432 1.46644749],[0.05587067 1.06815311],
[-0.20022689  4.33778789],[0.6817924  0.20276805],[-0.16193988  3.25515135],
[0.42569484 3.47240283],[0.0150312  3.07410845],[-0.24106636  6.34374323],
[0.38116846 2.55632575],[0.1250709  5.82596053],[-0.28559274  5.42766615],
[0.39506523 1.785083  ],[0.43335224 0.70244645],[0.35053885 0.86900592],
[0.17725468 3.97208123],[0.09444129 4.1386407 ],[0.36443562 0.09776317],
[0.72036302 3.27325564],[0.05360182 6.14459604],[0.14662507 2.2847614 ],
[0.73425978 2.50201288],[0.1020987  1.36868433],[0.68973341 1.58593581],
[-0.15399887  4.63831911],[0.43363585 4.85557059],[0.27906977 1.18764143],
[0.02297221 4.45727621],[0.06125922 3.37463966],[0.64889393 3.59189114],
[-0.18462847  2.95099928],[0.40300624 3.16825076],[-0.44072604  6.22063406],
[0.44129325 2.08561421],[0.18519569 5.35524899],[0.03062961 1.68731983],
[0.61826432 1.90457131],[-0.22546795  4.95695461],[0.36216676 5.17420609],
[0.41066364 0.39829438],[0.15456608 3.66792916],[0. 0.],
[-0.25609756  3.26963478],[0.36982416 2.40424972],[0.1137266 5.6738845],
[0.12393647 1.98060933],[0.71157119 2.19786081],[0.16222348 0.89797279],
[0.7498582  1.11522427],[-0.09387408  4.16760757],[0.49376064 4.38485905],
[0.33919455 0.71692989],[0.08309699 3.98656467],[0.70533182 0.19914719],
[0.44923426 3.46878197],[0.03857062 3.07048759],[0.62620533 3.28773907],
[-0.21752694  6.34012237],[-0.17923993  5.25748583],[0.40839478 5.47473731],
[0.0907544  1.21660829],[0.00794101 1.38316776],[-0.16534317  4.48624307],
[-0.24815655  4.65280254],[-0.20986954  3.570166  ],[0.37776517 3.78741748],
[-0.19597277  2.79892324],[0.39166194 3.01617472],[0.17016449 2.28114054],
[0.75779921 2.49839203],[-0.08593307  5.55077533],[0.50170164 5.76802681],
[0.34713556 2.10009764],[0.091038   5.36973243],[0.38542258 1.0174611 ],
[0.12932501 4.28709588],[-0.28133863  3.8888015 ],[0.7271696  0.81107219],
[0.30629609 4.10605298],[0.47107204 4.08070697],[0.50935905 2.99807043],
[0.25326149 6.26770521],[0.09869541 2.59977605],[0.68633012 2.81702753],
[-0.15740216  5.86941083],[0.43023256 6.08666231],[0.72461713 1.73439099],
[0.46851957 5.00402577],[0.38570618 5.17058523],[0.47872944 1.3107506 ],
[0.0680658  0.91245622],[-0.18803176  4.182091  ],[0.69398752 0.04707115],
[-0.14974475  3.09945445],[0.43788996 3.31670593],[-0.40584231  6.36908924],
[0.02722632 2.91841155],[-0.22887124  6.18804633],[0.13726602 5.67026364],
[0.81792399 2.02768048],[0.40726035 1.6293861 ],[0.15116279 4.89902088],
[0.44554736 0.54674956],[0.36273398 0.71330903],[0.1894498  3.81638434],
[0.10663642 3.98294381],[0.73255814 3.11755874],[0.06579694 5.98889914],
[0.15882019 2.12906451],[0.74645491 2.34631599],[0.11429382 1.21298743],
[0.70192853 1.43023891],[-0.14180374  4.48262221],[0.44583097 4.69987369],
[0.03516733 4.30157931],[0.12819058 0.44174468],[0.7158253  0.65899616],
[-0.17243335  2.79530238],[0.41520136 3.01255386],[-0.42853091  6.06493716],
[0.1591038  6.28218864],[0.45348837 1.92991732],[0.19739081 5.1995521 ],
[0.04282473 1.53162294],[0.63045944 1.74887442],[-0.21327283  4.80125772],
[0.37436188 5.0185092 ],[0.42285876 0.24259749],[0.1667612  3.51223227],
[-0.24390244  3.11393789],[0.38201929 2.24855282],[0.12592172 5.5181876 ],
[0.13613159 1.82491244],[0.72376631 2.04216392],[0.1744186  0.74227589],
[0.76205332 0.95952737],[-0.08167896  4.01191067],[0.50595576 4.22916215],
[0.35138968 0.56123299],[0.09529212 3.83086777],[0.10550199 0.1375926 ],
[0.46142938 3.31308508],[-0.20533182  6.18442548],[-0.11230856  2.32459084],
[0.47532615 2.54184232],[0.10294952 1.0609114 ],[0.02013613 1.22747086],
[-0.15314804  4.33054618],[-0.23596143  4.49710565],[0.38996029 3.63172058],
[-0.18377765  2.64322635],[0.40385706 2.86047783],[0.18235961 2.12544365],
[0.76999433 2.34269513],[-0.07373795  5.39507843],[0.51389677 5.61232991],
[0.35933069 1.94440075],[0.10323313 5.21403553],[0.14152014 4.13139899],
[0.82217811 0.48881583],[0.73936472 0.6553753 ],[0.48326716 3.92501008],
[0.52155417 2.84237354],[0.26545661 6.11200832],[0.11089053 2.44407916],
[0.69852524 2.66133064],[-0.14520703  5.71371394],[0.44242768 5.93096542],
[0.48071469 4.84832887],[0.49092456 1.1550537 ],[0.234827   4.42468849],
[0.08026092 0.75675932],[-0.17583664  4.0263941 ],[-0.13754963  2.94375756],
[0.45008508 3.16100904],[-0.39364719  6.21339234],[0.03942144 2.76271466],
[-0.21667612  6.03234944],[0.83011912 1.87198359],[0.41945547 1.47368921],
[0.16335791 4.74332399],[0.45774248 0.39105266],[0.20164492 3.66068745],
[0.11883154 3.82724691],[0.79948951 0.18466376],[0.1327283  3.05600416],
[0.4886557  6.23149663],[0.17101531 1.97336761],[0.75865003 2.19061909],
[-0.08508225  5.2430024 ],[0.50255247 5.46025388],[0.71412365 1.27454202],
[-0.12960862  4.32692532],[0.45802609 4.5441768 ],[0.14038571 0.28604778],
[0.72802042 0.50329926],[-0.16023823  2.63960549],[0.42739648 2.85685697],
[-0.41633579  5.90924027],[0.17129892 6.12649175],[0.46568349 1.77422042],
[0.20958593 5.0438552 ],[-0.20107771  4.64556082],[0.38655701 4.8628123 ],
[0.47958026 1.00297767],[0.43505389 0.08690059],[0.17895632 3.35653537],
[-0.23170732  2.95824099],[-0.48780488  6.22787577],[0.55899036 2.06750992],
[0.13811685 5.36249071],[0.14832672 1.66921554],[0.73596143 1.88646702],
[-0.10777085  4.93885032],[0.47986387 5.1561018 ],[0.18661373 0.586579  ],
[0.77424844 0.80383048],[-0.06948383  3.85621378],[0.51815088 4.07346526],
[0.3635848 0.4055361],[0.10748724 3.67517088],[-0.10011344  2.16889395],
[0.48752127 2.38614543],[0.11514464 0.9052145 ],[-0.14095292  4.17484928],
[-0.22376631  4.34140875],[0.45689166 0.6988256 ],[0.23908111 2.88582383],
[-0.17158253  2.48752945],[0.41605218 2.70478093],[-0.42768009  5.75716423],
[0.15995462 5.97441571],[0.19455474 1.96974676],[0.78218945 2.18699824],
[-0.06154282  5.23938154],[0.52609189 5.45663302],[0.11542825 5.05833864],
[0.83437323 0.33311894],[0.75155984 0.49967841],[0.49546228 3.76931319],
[0.53374929 2.68667664],[0.27765173 5.95631142],[0.12308565 2.28838226],
[0.71072036 2.50563374],[-0.13301191  5.55801704],[0.4546228  5.77526852],
[0.13698242 1.51713951],[0.49290981 4.69263198],[0.50311968 0.99935681],
[0.24702212 4.26899159],[0.09245604 0.60106243],[-0.16364152  3.87069721],
[-0.12535451  2.78806067],[0.4622802  3.00531215],[-0.38145207  6.05769545],
[0.20618264 6.27494693],[0.21639251 2.58167176],[-0.204481    5.87665255],
[0.84231424 1.7162867 ],[0.58621668 4.98592148],[0.4316506  1.31799231],
[0.17555303 4.5876271 ],[0.46993761 0.23535577],[0.21384005 3.50499055],
[0.81168463 0.02896686],[-0.03204765  3.08135016],[0.14492343 2.90030726],
[0.18321044 1.81767072],[0.77084515 2.0349222 ],[-0.07288712  5.0873055 ],
[0.51474759 5.30455698],[-0.1174135   4.17122842],[0.47022121 4.38847991],
[0.56324447 0.52864527],[0.15258083 0.13035089],[0.74021554 0.34760237],
[-0.10351673  3.39998567],[0.48411798 3.61723715],[-0.14804311  2.48390859],
[0.43959161 2.70116007],[-0.40414067  5.75354337],[0.18349404 5.97079485],
[0.22178106 4.88815831],[0.49177538 0.84728077],[0.23567782 4.11691555],
[0.19115145 3.20083848],[-0.2195122  2.8025441],[-0.47560976  6.07217888],
[0.57118548 1.91181303],[0.15031197 5.20679381],[0.16052184 1.51351865],
[0.74815655 1.73077013],[-0.09557572  4.78315343],[0.49205899 5.00040491],
[0.19880885 0.4308821 ],[0.78644356 0.64813358],[-0.05728871  3.70051688],
[0.530346   3.91776836],[0.11968236 3.51947398],[-0.12620533  3.0958336 ],
[0.22972206 6.27132607],[-0.08791832  2.01319705],[0.49971639 2.23044853],
[-0.34401588  5.28283183],[0.24361883 5.50008331],[0.12733976 0.74951761],
[0.29211571 0.7241716 ],[-0.1287578   4.01915239],[0.46908678 0.5431287 ],
[0.25127623 2.73012694],[-4.82132728e-03  5.99976172e+00],[-0.15938741  2.33183256],
[0.42824731 2.54908404],[-0.41548497  5.60146734],[0.17214974 5.81871882],
[0.20674986 1.81404986],[0.79438457 2.03130134],[-0.0493477   5.08368464],
[0.53828701 5.30093612],[0.12762337 4.90264174],[0.22064663 1.04280711],
[0.80828134 1.26005859],[0.84656835 0.17742204],[0.76375496 0.34398151],
[0.59047079 3.44705682],[0.5076574  3.61361629],[0.54594441 2.53097975],
[0.28984685 5.80061453],[-0.12081679  5.40232015],[0.46681792 5.61957163],
[-0.02779353  1.54248551],[0.55984118 1.75973699],[0.14917754 1.36144261],
[-0.10692002  4.63107739],[0.5153148  0.84365992],[0.25921724 4.1132947 ],
[0.10465116 0.44536553],[-0.1514464   3.71500032],[-0.11315939  2.63236377],
[0.47447533 2.84961525],[-0.36925695  5.90199855],[0.21837777 6.11925003],
[0.22858763 2.42597487],[-0.19228588  5.72095565],[-0.02750993  5.69560965],
[0.85450936 1.5605898 ],[0.5984118  4.83022458],[0.44384572 1.16229542],
[0.18774816 4.4319302 ],[0.22603517 3.34929366],[-0.01985252  2.92565327],
[0.56778219 3.14290475],[0.15711855 2.74461037],[-0.09897901  6.01424515],
[0.19540556 1.66197383],[0.78304027 1.87922531],[-0.060692    4.93160861],
[0.52694271 5.14886009],[-0.05048213  1.23833344],[0.57543959 0.37294837],
[0.31934203 3.64258316],[0.75241066 0.19190547],[-0.09132161  3.24428877],
[0.4963131  3.46154026],[-0.13584799  2.3282117 ],[0.45178673 2.54546318],
[-0.39194555  5.59784648],[0.19568917 5.81509796],[-0.12195122  1.55696894],
[0.23397618 4.73246142],[0.5039705  0.69158388],[0.24787294 3.96121866],
[0.20334657 3.04514158],[-0.05275099  6.31477637],[-0.46341463  5.91648198],
[0.21724334 2.27389883],[0.5833806  1.75611613],[0.32728304 5.02575091],
[0.17271696 1.35782175],[0.76035167 1.57507323],[-0.0833806   4.62745653],
[0.50425411 4.84470801],[0.21100397 0.27518521],[0.79863868 0.49243669],
[-0.04509359  3.54481999],[0.54254112 3.76207147],[0.13187748 3.36377709],
[-0.11401021  2.9401367 ],[-0.37010777  6.20977148],[-0.0757232   1.85750016],
[0.51191151 2.07475164],[-0.33182076  5.12713494],[0.25581395 5.34438642],
[0.30431083 0.56847471],[-0.11656268  3.86345549],[0.89194555 0.78572619],
[0.48128191 0.38743181],[0.22518434 3.65706659],[0.26347136 2.57443004],
[0.00737379 5.84406482],[-0.14719229  2.17613566],[0.44044243 2.39338714],
[-0.40328985  5.44577044],[0.18434487 5.66302192],[-0.03715258  4.92798775],
[0.55048213 5.14523923],[0.64350539 1.28540459],[0.23284175 0.88711021],
[0.82047646 1.10436169],[-0.02325581  4.15674499],[0.5643789  4.37399647],
[0.85876347 0.02172515],[0.77595009 0.18828462],[0.60266591 3.29135993],
[0.51985252 3.4579194 ],[0.55813953 2.37528285],[0.30204197 5.64491763],
[-0.10862167  5.24662325],[0.47901305 5.46387473],[-0.01559841  1.38678862],
[0.5720363 1.6040401],[0.16137266 1.20574572],[-0.0947249  4.4753805],
[0.52750993 0.68796302],[0.27141237 3.9575978 ],[-0.13925128  3.55930342],
[-0.35706183  5.74630166],[0.23057289 5.96355314],[0.32359614 2.1037185 ],
[0.24078276 2.27027797],[-0.0153148   5.53991275],[0.86670448 1.40489291],
[0.61060692 4.67452769],[0.45604084 1.00659853],[0.19994328 4.27623331],
[0.23823029 3.19359676],[-0.0076574   2.76995638],[0.57997731 2.98720786],
[-0.26375496  6.03959116],[0.32387975 6.25684264],[0.16931367 2.58891348],
[-0.08678389  5.85854826],[0.20760068 1.50627693],[0.79523539 1.72352841],
[-0.04849688  4.77591171],[0.53913783 4.99316319],[-0.03828701  1.08263654],
[0.5493477  1.29988802],[0.58763471 0.21725148],[0.33153715 3.48688626],
[0.76460579 0.03620858],[-0.07912649  3.08859188],[0.50850822 3.30584336],
[-0.33522405  6.35822666],[-0.37975043  5.44214959],[0.20788429 5.65940107],
[0.30090754 1.79956643],[-0.1097561   1.40127205],[-0.36585366  4.67090683],
[0.51616563 0.53588699],[0.26006807 3.80552177],[0.21554169 2.88944469],
[-0.04055587  6.15907947],[-0.45121951  5.76078509],[0.22943846 2.11820193],
[0.59557572 1.60041924],[0.33947816 4.87005402],[0.18491208 1.20212486],
[0.7725468  1.41937634],[-0.07118548  4.47175964],[0.51644923 4.68901112],
[-0.03289847  3.3891231 ],[0.55473625 3.60637458],[-0.0190017   2.61788034],
[-0.10181509  2.78443981],[-0.35791265  6.05407459],[-0.06352808  1.70180326],
[0.52410664 1.91905474],[-0.31962564  4.97143804],[0.26800908 5.18868952],
[0.31650596 0.41277781],[-0.10436756  3.7077586 ],[0.90414067 0.63002929],
[0.06040839 3.68241259],[0.64804311 3.89966407],[0.49347703 0.23173491],
[0.23737947 3.50136969],[0.27566648 2.41873315],[0.01956892 5.68836793],
[-0.13499716  2.02043877],[0.45263755 2.23769025],[-0.39109472  5.29007355],
[0.19653999 5.50732503],[-0.02495746  4.77229085],[0.56267725 4.98954233],
[0.65570051 1.1297077 ],[0.24503687 0.73141332],[0.83267158 0.9486648 ],
[-0.01106069  4.0010481 ],[0.57657402 4.21829958],[0.61486103 3.13566303],
[0.53204765 3.3022225 ],[-0.0416903   2.31372827],[0.3142371  5.48922074],
[-0.00340329  1.23109172],[0.58423142 1.4483432 ],[-0.25950085  4.5007265 ],
[0.32813386 4.71797798],[0.17356778 1.05004882],[-0.08252978  4.3196836 ],
[0.53970505 0.53226613],[0.28360749 3.80190091],[-0.12705615  3.40360653],
[0.24276801 5.80785624],[0.33579126 1.94802161],[0.25297788 2.11458108],
[-3.11968236e-03  5.38421586e+00],[0.8788996  1.24919601],[0.62280204 4.51883079],
[0.2121384  4.12053641],[0.30516166 0.26070178],[0.89279637 0.47795326],
[-5.67214974e-03  6.30753465e+00],[0.00453772 2.61425948],[0.59217243 2.83151096],
[-0.25155984  5.88389426],[0.33607487 6.10114574],[0.18150879 2.43321658],
[-0.07458877  5.70285136],[0.2197958  1.35058004],[0.80743052 1.56783152],
[-0.03630176  4.62021482],[0.55133296 4.8374663 ],[-0.02609189  0.92693965],
[0.56154282 1.14419113],[-0.28218945  4.19657443],[0.30544526 4.41382591],
[0.59982984 0.06155459],[0.34373227 3.33118937],[-0.06693137  2.93289499],
[0.52070335 3.15014647],[-0.32302893  6.20252977],[-0.3675553   5.28645269],
[0.22007941 5.50370417],[0.31310267 1.64386954],[-0.09756098  1.24557515],
[-0.35365854  4.51520994],[0.52836075 0.38019009],[0.27226319 3.64982487],
[0.87010777 0.17380118],[-0.02836075  6.00338258],[0.06466251 2.14354794],
[0.65229722 2.36079942],[0.24163358 1.96250504],[-0.01446398  5.23213982],
[0.60777085 1.44472235],[0.35167328 4.71435713],[0.1971072  1.04642796],
[0.78474192 1.26367944],[-0.05899036  4.31606275],[0.52864436 4.53331423],
[0.56693137 3.45067768],[-0.09982984  6.32201808],[-0.00680658  2.46218345],
[-0.08961997  2.62874291],[-0.34571753  5.89837769],[-0.05133296  1.54610637],
[0.53630176 1.76335785],[-0.30743052  4.81574115],[0.2802042  5.03299263],
[-0.03743619  0.77486361],[0.55019853 0.99211509],[0.32870108 0.25708092],
[0.91633579 0.4743324 ],[0.07260352 3.5267157 ],[0.66023823 3.74396718],
[0.50567215 0.07603802],[0.24957459 3.3456728 ],[0.2878616  2.26303625],
[0.03176404 5.53267104],[0.46483267 2.08199335],[-0.3788996   5.13437665],
[0.62960862 2.05664735],[0.20873511 5.35162814],[0.66789563 0.9740108 ],
[0.41179807 4.24364558],[0.25723199 0.57571642],[0.8448667 0.7929679],
[1.13442995e-03 3.84535120e+00],[0.58876914 4.06260268],[0.62705615 2.97996614],
[0.54424277 3.14652561],[0.37095859 6.24960092],[-0.02949518  2.15803137],
[0.00879183 1.07539483],[0.59642655 1.29264631],[-0.24730573  4.34502961],
[0.34032898 4.56228109],[0.1857629  0.89435193],[-0.07033466  4.16398671],
[0.29580261 3.64620401],[0.97646058 0.00362086],[0.30969938 2.87496126],
[0.34798639 1.79232471],[0.265173   1.95888418],[0.09188883 5.06195949],
[0.00907544 5.22851896],[0.89109472 1.09349912],[0.63499716 4.3631339 ],
[0.31735678 0.10500488],[0.90499149 0.32225636],[0.01673284 2.45856259],
[0.60436756 2.67581407],[-0.23936472  5.72819737],[0.34826999 5.94544885],
[0.19370391 2.27751969],[-0.06239365  5.54715447],[-0.02410664  4.46451792],
[0.56352808 4.6817694 ],[-0.01389677  0.77124276],[0.57373795 0.98849424],
[-0.26999433  4.04087754],[0.31764039 4.25812902],[0.3559274  3.17549247],
[-0.05473625  2.77719809],[0.53289847 2.99444957],[-0.31083381  6.04683287],
[0.27680091 6.26408435],[0.32529779 1.48817264],[0.06920023 4.75780742],
[-0.08536585  1.08987826],[-0.34146341  4.35951304],[0.54055587 0.2244932 ],
[0.28445831 3.49412798],[0.88230289 0.01810429],[0.07685763 1.98785105],
[0.66449234 2.20510253],[0.2538287  1.80680815],[-2.26885990e-03  5.07644293e+00],
[0.61996597 1.28902545],[0.36386841 4.55866023],[-0.04679524  4.16036585],
[0.54083948 4.37761733],[0.04622802 0.30053121],[0.63386273 0.5177827 ],
[-0.26460579  6.34736409],[0.00538854 2.30648655],[-0.07742484  2.47304602],
[-0.25070902  5.57612133],[-0.3335224  5.7426808],[-0.29523539  4.66004426],
[0.29239932 4.87729574],[-0.02524107  0.61916672],[0.56239365 0.8364182 ],
[0.3408962  0.10138402],[0.92853091 0.3186355 ],[0.08479864 3.37101881],
[0.67243335 3.58827029],[0.26176971 3.1899759 ],[0.30005672 2.10733936],
[0.04395916 5.37697414],[-0.36670448  4.97867976],[0.64180374 1.90095045],
[0.22093023 5.19593124],[0.68009075 0.81831391],[0.42399319 4.08794869],
[0.26942711 0.42001953],[0.85706183 0.63727101],[0.01332955 3.68965431],
[0.60096427 3.90690579],[0.63925128 2.82426925],[0.38315372 6.09390403],
[0.30034033 6.2604635 ],[0.39336358 2.40062886],[-0.01730006  2.00233448],
[-0.27339762  5.27196926],[0.02098695 0.91969793],[0.60862167 1.13694941],
[-0.23511061  4.18933271],[0.35252411 4.4065842 ],[0.19795803 0.73865503],
[-0.05813953  4.00828981],[0.3218945  2.71926436],[0.36018151 1.63662782],
[0.27736812 1.80318729],[0.10408395 4.9062626 ],[0.02127056 5.07282207],
[0.29126489 1.03194453],[0.64719229 4.207437  ],[0.91718661 0.16655947],
[0.07345434 3.21894277],[0.66108905 3.43619425],[0.02892796 2.30286569],
[0.61656268 2.52011717],[-0.2271696   5.57250047],[0.36046512 5.78975195],
[-0.05019853  5.39145757],[-0.00170164  0.61554586],[0.58593307 0.83279734],
[-0.25779921  3.88518064],[0.32983551 4.10243212],[0.36812252 3.01979558],
[0.11202496 6.28943036],[-0.04254112  2.6215012 ],[0.54509359 2.83875268],
[-0.29863868  5.89113598],[0.28899603 6.10838746],[0.33749291 1.33247575],
[0.08139535 4.60211053],[-0.07317073  0.93418137],[-0.32926829  4.20381615],
[0.71752694 0.0434503 ],[0.29665343 3.33843108],[0.05076574 2.9147907 ],
[0.63840045 3.13204218],[0.08905275 1.83215415],[0.67668746 2.04940563],
[-0.16704481  5.10178893],[0.4205899  5.31904041],[0.26602382 1.65111125],
[0.00992626 4.92074603],[0.37606353 4.40296334],[0.05842314 0.14483432],
[0.64605786 0.3620858 ],[-0.19767442  3.4144691 ],[0.01758366 2.15078966],
[-0.06522972  2.31734912],[-0.2385139   5.42042444],[-0.32132728  5.58698391],
[-0.28304027  4.50434736],[0.30459444 4.72159884],[0.3976177  0.86176421],
[-0.01304594  0.46346982],[0.57458877 0.68072131],[-0.26914351  3.73310461],
[0.31849121 3.95035609],[0.94072604 0.16293861],[0.09699376 3.21532191],
[0.68462847 3.43257339],[0.27396483 3.03427901],[0.01786727 6.30391379],
[0.05615428 5.22127725],[0.73681225 1.57869409],[0.65399887 1.74525356],
[0.3979013  5.01488834],[0.69228588 0.66261702],[0.43618832 3.9322518 ],
[0.28162223 0.26432263],[0.86925695 0.48157412],[0.02552467 3.53395742],
[0.61315939 3.7512089 ],[0.6514464  2.66857235],[0.39534884 5.93820713],
[0.40555871 2.24493196],[0.14946115 5.51456675],[-0.00510493  1.84663758],
[-0.2612025   5.11627236],[0.03318208 0.76400104],[0.62081679 0.98125252],
[-0.22291548  4.03363582],[0.36471923 4.2508873 ],[0.3749291  0.55761213],
[-0.04594441  3.85259292],[0.74475326 2.96186185],[0.33408962 2.56356747],
[0.07799206 5.83320225],[0.37237663 1.48093093],[0.11627907 4.75056571],
[0.03346568 4.91712517],[0.12648894 1.05729054],[0.30346001 0.87624764],
[0.04736245 4.14588242],[0.92938174 0.01086257],[0.08564946 3.06324587],
[0.67328417 3.28049735],[-0.1704481   6.33288066],[0.04112309 2.1471688 ],
[0.6287578  2.36442028],[-0.21497448  5.41680358],[0.37266024 5.63405506],
[-0.0380034   5.23576068],[0.05501985 1.37592604],[0.64265457 1.59317752],
[0.01049348 0.45984897],[0.59812819 0.67710045],[-0.24560408  3.72948375],
[0.34203063 3.94673523],[0.38031764 2.86409868],[0.12422008 6.13373346],
[-0.28644356  5.73543908],[0.30119115 5.95269056],[0.39421441 2.09285593],
[0.34968803 1.17677885],[0.09359047 4.44641363],[-0.06097561  0.77848447],
[-0.31707317  4.04811925],[0.30884855 3.18273419],[0.4736245  3.15738818],
[0.06296086 2.7590938 ],[0.65059558 2.97634528],[-0.1931367   6.02872858],
[0.39449801 6.24598006],[0.10124787 1.67645726],[0.68888259 1.89370874],
[-0.15484969  4.94609204],[0.43278503 5.16334352],[0.27821894 1.49541436],
[0.02212138 4.76504914],[0.03233125 1.07177397],[0.38825865 4.24726644],
[0.65825298 0.20638891],[-0.1854793   3.25877221],[0.40215542 3.47602369],
[0.02977879 1.99509276],[-0.22631877  5.26472754],[-0.30913216  5.43128701],
[0.37152581 1.78870386],[0.40981282 0.70606731],[0.15371526 3.97570209],
[-0.00085082  0.30777293],[0.58678389 0.52502441],[-0.25694838  3.57740771],
[0.33068633 3.79465919],[0.95292116 0.00724172],[0.10918888 3.05962502],
[0.6968236 3.2768765],[-0.14690868  6.3292598 ],[0.28615995 2.87858212],
[0.03006239 6.1482169 ],[0.0683494  5.06558035],[0.74900737 1.4229972 ],
[0.66619399 1.58955667],[0.41009643 4.85919145],[0.704481   0.50692012],
[0.44838344 3.7765549 ],[0.0377198  3.37826052],[0.62535451 3.595512  ],
[0.05161656 2.60701777],[0.40754396 5.78251024],[0.41775383 2.08923507],
[0.16165627 5.35886985],[0.00709019 1.69094069],[-0.24900737  4.96057547],
[0.0453772  0.60830415],[0.63301191 0.82555563],[-0.21072036  3.87793893],
[0.37691435 4.09519041],[0.38712422 0.40191524],[-0.03374929  3.69689603],
[0.13102666 3.67155002],[0.75694838 2.80616496],[0.50085082 6.07579974],
[0.34628474 2.40787058],[0.09018718 5.67750536],[0.38457175 1.32523403],
[0.12847419 4.59486881],[0.04566081 4.76142828],[0.13868406 0.90159364],
[0.72631877 1.11884512],[0.31565513 0.72055074],[0.05955757 3.99018552],
[0.09784458 2.90754898],[0.6854793  3.12480046],[-0.15825298  6.17718376],
[-0.20277935  5.26110669],[0.38485536 5.47835817],[0.47787862 1.61852353],
[0.06721497 1.22022915],[0.65484969 1.43748063],[-0.18888259  4.48986393],
[0.39875213 4.70711541],[0.0226886  0.30415207],[0.61032331 0.52140355],
[-0.23340896  3.57378685],[0.35422575 3.79103833],[0.39251276 2.70840179],
[0.1364152  5.97803657],[-0.27424844  5.57974219],[0.31338627 5.79699367],
[0.40640953 1.93715903],[0.36188315 1.02108196],[0.10578559 4.29071674],
[-0.30487805  3.89242236],[0.37577992 0.2498392 ],[0.48581963 3.00169129],
[0.06494611 6.29667208],[0.07515598 2.60339691],[0.6627907  2.82064839],
[-0.18094158  5.87303169],[0.40669314 6.09028317],[0.11344299 1.52076036],
[0.70107771 1.73801184],[-0.14265457  4.79039514],[0.44498015 5.00764662],
[0.29041407 1.33971746],[0.03431651 4.60935224],[0.04452638 0.91607708],
[-0.21157119  4.18571186],[0.6704481  0.05069201],[-0.17328417  3.10307531],
[0.41435054 3.32032679],[-0.42938174  6.37271009],
