[0.6875 0.9375],[0.5875 0.8875],[0.375 0.   ],
[0.0625 0.8125],[0.225 0.55 ],[0.75  0.125],
[0.6   0.675],[0.5   0.625],[0.075 0.6  ],
[0.1375 0.2875],[0.5125 0.4125],[0.9375 0.4375],
[0.4125 0.3625],[0.3125 0.3125],[0.2625 0.9125],
[0.05  0.025],[0.425 0.15 ],[0.95 0.1 ],
[0.6375 0.9125],[0.85 0.05],[0.5375 0.8625],
[0.275 0.575],[0.4375 0.8125],[0.175 0.525],
[0.975 0.675],[0.875 0.625],[0.45 0.6 ],
[0.1875 0.3125],[0.0875 0.2625],[0.9875 0.4625],
[0.8875 0.4125],[0.7875 0.3625],[0.3625 0.3375],
[0.1  0.05],[0.2125 0.8875],[0. 0.],
[0.1125 0.8375],[0.9   0.075],[0.8   0.025],
[0.9125 0.8625],[0.65  0.575],[0.125 0.5  ],
[0.55  0.525],[0.025 0.45 ],[0.925 0.65 ],
[0.825 0.6  ],[0.5625 0.3125],[0.0375 0.2375],
[0.4625 0.2625],[0.8375 0.3875],[0.7375 0.3375],
[0.475 0.05 ],[0.1625 0.8625],[0.6875 0.8125],
[0.5875 0.7625],[0.0625 0.6875],[0.9625 0.8875],
[0.75 0.  ],[0.8625 0.8375],[0.6  0.55],
[0.5 0.5],[0.075 0.475],[0.5125 0.2875],
[0.9375 0.3125],[0.4125 0.2375],[0.3125 0.1875],
[0.425 0.025],[0.6375 0.7875],[0.5375 0.7375],
[0.0125 0.6625],[0.4375 0.6875],[0.175 0.4  ],
[0.975 0.55 ],[0.875 0.5  ],[0.45  0.475],
[0.35  0.425],[0.0875 0.1375],[0.2   0.975],
[0.9875 0.3375],[0.8875 0.2875],[0.7875 0.2375],
[0.3625 0.2125],[0.2625 0.1625],[0.2125 0.7625],
[0.1125 0.7125],[0.9125 0.7375],[0.4875 0.7125],
[0.3875 0.6625],[0.125 0.375],[0.025 0.325],
[0.925 0.525],[0.4  0.45],[0.825 0.475],
[0.3 0.4],[0.0375 0.1125],[0.4625 0.1375],
[0.15 0.95],[0.05 0.9 ],[0.8375 0.2625],
[0.7375 0.2125],[0.1625 0.7375],[0.95  0.975],
[0.85  0.925],[0.5875 0.6375],[0.0625 0.5625],
[0.9625 0.7625],[0.8625 0.7125],[0.6   0.425],
[0.7625 0.6625],[0.5   0.375],[0.075 0.35 ],
[0.775 0.45 ],[0.5125 0.1625],[0.675 0.4  ],
[0.4125 0.1125],[0.525 0.95 ],[0.3125 0.0625],
[0.1   0.925],[0.    0.875],[0.9  0.95],
[0.6875 0.0625],[0.6375 0.6625],[0.5375 0.6125],
[0.0125 0.5375],[0.4375 0.5625],[0.8125 0.6875],
[0.875 0.375],[0.45 0.35],[0.35 0.3 ],
[0.2  0.85],[0.8875 0.1625],[0.575 0.975],
[0.7875 0.1125],[0.3625 0.0875],[0.475 0.925],
[0.2625 0.0375],[0.1125 0.5875],[0.375 0.75 ],
[0.9125 0.6125],[0.4875 0.5875],[0.3875 0.5375],
[0.2875 0.4875],[0.025 0.2  ],[0.925 0.4  ],
[0.4   0.325],[0.825 0.35 ],[0.3   0.275],
[0.25  0.875],[0.2   0.225],[0.15  0.825],
[0.05  0.775],[0.8375 0.1375],[0.7375 0.0875],
[0.425 0.9  ],[0.2125 0.0125],[0.1625 0.6125],
[0.95 0.85],[0.85 0.8 ],[0.0625 0.4375],
[0.9625 0.6375],[0.8625 0.5875],[0.7625 0.5375],
[0.3375 0.5125],[0.075 0.225],[0.775 0.325],
[0.25 0.25],[0.625 0.875],[0.675 0.275],
[0.525 0.825],[0.1 0.8],[0.   0.75],
[0.9   0.825],[0.8   0.775],[0.5375 0.4875],
[0.0125 0.4125],[0.4375 0.4375],[0.8125 0.5625],
[0.7125 0.5125],[0.45  0.225],[0.35  0.175],
[0.0375 0.9875],[0.725 0.3  ],[0.625 0.25 ],
[0.575 0.85 ],[0.475 0.8  ],[0.375 0.625],
[0.9125 0.4875],[0.4875 0.4625],[0.3875 0.4125],
[0.2875 0.3625],[0.1375 0.9125],[0.4 0.2],
[0.825 0.225],[0.3  0.15],[0.4125 0.9875],
[0.2 0.1],[0.15 0.7 ],[0.3125 0.9375],
[0.05 0.65],[0.8375 0.0125],[0.425 0.775],
[0.95  0.725],[0.85  0.675],[0.325 0.6  ],
[0.0625 0.3125],[0.9625 0.5125],[0.8625 0.4625],
[0.7625 0.4125],[0.3375 0.3875],[0.2375 0.3375],
[0.1875 0.9375],[0.0875 0.8875],[0.775 0.2  ],
[0.25  0.125],[0.675 0.15 ],[0.7875 0.9875],
[0.15  0.075],[0.525 0.7  ],[0.1   0.675],
[0.3625 0.9625],[0.    0.625],[0.9 0.7],
[0.8  0.65],[0.7 0.6],[0.0125 0.2875],
[0.4375 0.3125],[0.8125 0.4375],[0.7125 0.3875],
[0.6625 0.9875],[0.6125 0.3375],[0.5625 0.9375],
[0.35 0.05],[0.0375 0.8625],[0.4625 0.8875],
[0.725 0.175],[0.625 0.125],[0.575 0.725],
[0.7375 0.9625],[0.525 0.075],[0.475 0.675],
[0.375 0.5  ],[0.75  0.625],[0.4875 0.3375],
[0.3875 0.2875],[0.2875 0.2375],[0.6625 0.3625],
[0.4   0.075],[0.5125 0.9125],[0.3   0.025],
[0.9375 0.9375],[0.4125 0.8625],[0.3125 0.8125],
[0.575 0.1  ],[0.425 0.65 ],[0.95 0.6 ],
[0.85 0.55],[0.325 0.475],[0.225 0.425],
[0.8625 0.3375],[0.7625 0.2875],[0.3375 0.2625],
[0.2375 0.2125],[0.1375 0.1625],[0.0875 0.7625],
[0.9875 0.9625],[0.775 0.075],[0.8875 0.9125],
[0.25 0.  ],[0.675 0.025],[0.7875 0.8625],
[0.3625 0.8375],[0.1  0.55],[0.2625 0.7875],
[0.  0.5],[0.9   0.575],[0.8   0.525],
[0.275 0.45 ],[0.7   0.475],[0.0125 0.1625],
[0.025 0.95 ],[0.8125 0.3125],[0.7125 0.2625],
[0.1875 0.1875],[0.6125 0.2125],[0.0375 0.7375],
[0.4625 0.7625],[0.725 0.05 ],[0.8375 0.8875],
[0.625 0.   ],[0.7375 0.8375],[0.375 0.375],
[0.75 0.5 ],[0.65 0.45],[0.3875 0.1625],
[0.55 0.4 ],[0.075 0.975],[0.2875 0.1125],
[0.6625 0.2375],[0.5625 0.1875],[0.5125 0.7875],
[0.4125 0.7375],[0.3125 0.6875],[0.425 0.525],
[0.6875 0.6875],[0.85  0.425],[0.325 0.35 ],
[0.225 0.3  ],[0.7625 0.1625],[0.3375 0.1375],
[0.45  0.975],[0.2375 0.0875],[0.35  0.925],
[0.1375 0.0375],[0.9375 0.1875],[0.8875 0.7875],
[0.7875 0.7375],[0.3625 0.7125],[0.2625 0.6625],
[0.9  0.45],[0.8 0.4],[0.275 0.325],
[0.7  0.35],[0.175 0.275],[0.125 0.875],
[0.025 0.825],[0.8125 0.1875],[0.975 0.425],
[0.7125 0.1375],[0.4  0.95],[0.1875 0.0625],
[0.825 0.975],[0.3 0.9],[0.0875 0.0125],
[0.0375 0.6125],[0.6125 0.0875],[0.9875 0.2125],
[0.8375 0.7625],[0.7375 0.7125],[0.2125 0.6375],
[0.75  0.375],[0.65  0.325],[0.125 0.25 ],
[0.5   0.875],[0.55  0.275],[0.075 0.85 ],
[0.6625 0.1125],[0.775 0.95 ],[0.5625 0.0625],
[0.675 0.9  ],[0.4625 0.0125],[0.4125 0.6125],
[0.3125 0.5625],[0.6875 0.5625],[0.5875 0.5125],
[0.325 0.225],[0.225 0.175],[0.6 0.3],
[0.3375 0.0125],[0.5  0.25],[0.875 0.875],
[0.45 0.85],[0.35 0.8 ],[0.725 0.925],
[0.5125 0.0375],[0.9375 0.0625],[0.7875 0.6125],
[0.3625 0.5875],[0.2625 0.5375],[0.6375 0.5375],
[0.275 0.2  ],[0.7   0.225],[0.175 0.15 ],
[0.2875 0.9875],[0.025 0.7  ],[0.975 0.3  ],
[0.925 0.9  ],[0.7125 0.0125],[0.875 0.25 ],
[0.4   0.825],[0.825 0.85 ],[0.3   0.775],
[0.2   0.725],[0.9875 0.0875],[0.8875 0.0375],
[0.8375 0.6375],[0.7375 0.5875],[0.2125 0.5125],
[0.1125 0.4625],[0.0625 0.9375],[0.75 0.25],
[0.65 0.2 ],[0.125 0.125],[0.55 0.15],
[0.075 0.725],[0.025 0.075],[0.2375 0.9625],
[0.925 0.275],[0.775 0.825],[0.25 0.75],
[0.675 0.775],[0.3125 0.4375],[0.1625 0.4875],
[0.6875 0.4375],[0.5875 0.3875],[0.5375 0.9875],
[0.0125 0.9125],[0.4375 0.9375],[0.225 0.05 ],
[0.6   0.175],[0.5   0.125],[0.075 0.1  ],
[0.45  0.725],[0.6125 0.9625],[0.35  0.675],
[0.725 0.8  ],[0.625 0.75 ],[0.3625 0.4625],
[0.2625 0.4125],[0.6375 0.4125],[0.5375 0.3625],
[0.4875 0.9625],[0.275 0.075],[0.3875 0.9125],
[0.175 0.025],[0.2875 0.8625],[0.975 0.175],
[0.875 0.125],[0.4 0.7],[0.45 0.1 ],
[0.825 0.725],[0.3  0.65],[0.2 0.6],
[0.7375 0.4625],[0.2125 0.3875],[0.1125 0.3375],
[0.9125 0.3625],[0.8625 0.9625],[0.65  0.075],
[0.7625 0.9125],[0.125 0.   ],[0.55  0.025],
[0.3375 0.8875],[0.2375 0.8375],[0.1375 0.7875],
[0.925 0.15 ],[0.825 0.1  ],[0.775 0.7  ],
[0.25  0.625],[0.675 0.65 ],[0.15  0.575],
[0.05  0.525],[0.1625 0.3625],[0.6875 0.3125],
[0.5875 0.2625],[0.0625 0.1875],[0.0125 0.7875],
[0.9625 0.3875],[0.8125 0.9375],[0.6  0.05],
[0.7125 0.8875],[0.5 0. ],[0.1875 0.8125],
[0.6125 0.8375],[0.35 0.55],[0.725 0.675],
[0.625 0.625],[0.525 0.575],[0.2625 0.2875],
[0.6375 0.2875],[0.5375 0.2375],[0.4875 0.8375],
[0.4375 0.1875],[0.3875 0.7875],[0.2875 0.7375],
[0.975 0.05 ],[0.6625 0.8625],[0.875 0.   ],
[0.4   0.575],[0.5625 0.8125],[0.3   0.525],
[0.2   0.475],[0.575 0.6  ],[0.475 0.55 ],
[0.2125 0.2625],[0.1125 0.2125],[0.325 0.975],
[0.225 0.925],[0.9125 0.2375],[0.4875 0.2125],
[0.7625 0.7875],[0.3375 0.7625],[0.2375 0.7125],
[0.1375 0.6625],[0.925 0.025],[0.775 0.575],
[0.9375 0.8125],[0.25 0.5 ],[0.675 0.525],
[0.15 0.45],[0.05 0.4 ],[0.1625 0.2375],
[0.95  0.475],[0.6875 0.1875],[0.5875 0.1375],
[0.275 0.95 ],[0.0625 0.0625],[0.7   0.975],
[0.175 0.9  ],[0.9625 0.2625],[0.8625 0.2125],
[0.8125 0.8125],[0.7125 0.7625],[0.1875 0.6875],
[0.6125 0.7125],[0.0875 0.6375],[0.9875 0.8375],
[0.725 0.55 ],[0.625 0.5  ],[0.525 0.45 ],
[0.1   0.425],[0.    0.375],[0.375 0.875],
[0.6375 0.1625],[0.5375 0.1125],[0.65 0.95],
[0.0125 0.0375],[0.4375 0.0625],[0.55 0.9 ],
[0.2875 0.6125],[0.6625 0.7375],[0.5625 0.6875],
[0.4625 0.6375],[0.2  0.35],[0.575 0.475],
[0.475 0.425],[0.2125 0.1375],[0.1125 0.0875],
[0.375 0.25 ],[0.325 0.85 ],[0.225 0.8  ],
[0.9125 0.1125],[0.4875 0.0875],[0.6   0.925],
[0.3875 0.0375],[0.3375 0.6375],[0.2375 0.5875],
[0.1375 0.5375],[0.5125 0.6625],[0.9375 0.6875],
[0.25  0.375],[0.15  0.325],[0.05  0.275],
[0.425 0.4  ],[0.1625 0.1125],[0.95 0.35],
[0.85 0.3 ],[0.8 0.9],[0.5875 0.0125],
[0.275 0.825],[0.7  0.85],[0.175 0.775],
[0.9625 0.1375],[0.8625 0.0875],[0.975 0.925],
[0.7625 0.0375],[0.7125 0.6375],[0.1875 0.5625],
[0.6125 0.5875],[0.0875 0.5125],[0.9875 0.7125],
[0.725 0.425],[0.8875 0.6625],[0.625 0.375],
[0.525 0.325],[0.1 0.3],[0.   0.25],
[0.9   0.325],[0.6375 0.0375],[0.8   0.275],
[0.75  0.875],[0.65  0.825],[0.125 0.75 ],
[0.55  0.775],[0.8125 0.0625],[0.6625 0.6125],
[0.5625 0.5625],[0.0375 0.4875],[0.4625 0.5125],
[0.575 0.35 ],[0.475 0.3  ],[0.375 0.125],
[0.325 0.725],[0.225 0.675],[0.6 0.8],
[0.5  0.75],[0.2375 0.4625],[0.1375 0.4125],
[0.5125 0.5375],[0.9375 0.5625],[0.4125 0.4875],
[0.15 0.2 ],[0.05 0.15],[0.425 0.275],
[0.95  0.225],[0.85  0.175],[0.325 0.1  ],
[0.275 0.7  ],[0.7   0.725],[0.175 0.65 ],
[0.9625 0.0125],[0.975 0.8  ],[0.875 0.75 ],
[0.1875 0.4375],[0.6125 0.4625],[0.0875 0.3875],
[0.9875 0.5875],[0.8875 0.5375],[0.7875 0.4875],
[0.525 0.2  ],[0.1   0.175],[0.    0.125],
[0.1125 0.9625],[0.9 0.2],[0.8  0.15],
[0.75 0.75],[0.9125 0.9875],[0.7 0.1],
[0.65 0.7 ],[0.125 0.625],[0.55 0.65],
[0.025 0.575],[0.925 0.775],[0.6625 0.4875],
[0.5625 0.4375],[0.0375 0.3625],[0.4625 0.3875],
[0.8375 0.5125],[0.575 0.225],[0.475 0.175],
[0.1625 0.9875],
