[0. 0.],[0.01217989 0.0128045 ],[0.02435978 0.02560899],
[0.03653966 0.03841349],[0.04871955 0.05121799],[0.06089944 0.06402249],
[0.07307933 0.07682698],[0.08525921 0.08963148],[0.0974391  0.10243598],
[0.10961899 0.11524047],[0.12179888 0.12804497],[0.13397876 0.14084947],
[0.14615865 0.15365397],[0.15833854 0.16645846],[0.17051843 0.17926296],
[0.18269831 0.19206746],[0.1948782  0.20487196],[0.20705809 0.21767645],
[0.21923798 0.23048095],[0.23141786 0.24328545],[0.24359775 0.25608994],
[0.25577764 0.26889444],[0.26795753 0.28169894],[0.28013741 0.29450344],
[0.2923173  0.30730793],[0.30449719 0.32011243],[0.31667708 0.33291693],
[0.32885696 0.34572142],[0.34103685 0.35852592],[0.35321674 0.37133042],
[0.36539663 0.38413492],[0.37757651 0.39693941],[0.3897564  0.40974391],
[0.40193629 0.42254841],[0.41411618 0.4353529 ],[0.42629606 0.4481574 ],
[0.43847595 0.4609619 ],[0.45065584 0.4737664 ],[0.46283573 0.48657089],
[0.47501562 0.49937539],[0.4871955  0.51217989],[0.49937539 0.52498438],
[0.51155528 0.53778888],[0.52373517 0.55059338],[0.53591505 0.56339788],
[0.54809494 0.57620237],[0.56027483 0.58900687],[0.57245472 0.60181137],
[0.5846346  0.61461587],[0.59681449 0.62742036],[0.60899438 0.64022486],
[0.62117427 0.65302936],[0.63335415 0.66583385],[0.64553404 0.67863835],
[0.65771393 0.69144285],[0.66989382 0.70424735],[0.6820737  0.71705184],
[0.69425359 0.72985634],[0.70643348 0.74266084],[0.71861337 0.75546533],
[0.73079325 0.76826983],[0.74297314 0.78107433],[0.75515303 0.79387883],
[0.76733292 0.80668332],[0.7795128  0.81948782],[0.79169269 0.83229232],
[0.80387258 0.84509681],[0.81605247 0.85790131],[0.82823235 0.87070581],
[0.84041224 0.88351031],[0.85259213 0.8963148 ],[0.86477202 0.9091193 ],
[0.87695191 0.9219238 ],[0.88913179 0.93472829],[0.90131168 0.94753279],
[0.91349157 0.96033729],[0.92567146 0.97314179],[0.93785134 0.98594628],
[0.95003123 0.99875078],[0.96221112 0.01155528],[0.97439101 0.02435978],
[0.98657089 0.03716427],[0.99875078 0.04996877],[0.01093067 0.06277327],
[0.02311056 0.07557776],[0.03529044 0.08838226],[0.04747033 0.10118676],
[0.05965022 0.11399126],[0.07183011 0.12679575],[0.08400999 0.13960025],
[0.09618988 0.15240475],[0.10836977 0.16520924],[0.12054966 0.17801374],
[0.13272954 0.19081824],[0.14490943 0.20362274],[0.15708932 0.21642723],
[0.16926921 0.22923173],[0.18144909 0.24203623],[0.19362898 0.25484072],
[0.20580887 0.26764522],[0.21798876 0.28044972],[0.23016864 0.29325422],
[0.24234853 0.30605871],[0.25452842 0.31886321],[0.26670831 0.33166771],
[0.27888819 0.3444722 ],[0.29106808 0.3572767 ],[0.30324797 0.3700812 ],
[0.31542786 0.3828857 ],[0.32760775 0.39569019],[0.33978763 0.40849469],
[0.35196752 0.42129919],[0.36414741 0.43410369],[0.3763273  0.44690818],
[0.38850718 0.45971268],[0.40068707 0.47251718],[0.41286696 0.48532167],
[0.42504685 0.49812617],[0.43722673 0.51093067],[0.44940662 0.52373517],
[0.46158651 0.53653966],[0.4737664  0.54934416],[0.48594628 0.56214866],
[0.49812617 0.57495315],[0.51030606 0.58775765],[0.52248595 0.60056215],
[0.53466583 0.61336665],[0.54684572 0.62617114],[0.55902561 0.63897564],
[0.5712055  0.65178014],[0.58338538 0.66458463],[0.59556527 0.67738913],
[0.60774516 0.69019363],[0.61992505 0.70299813],[0.63210493 0.71580262],
[0.64428482 0.72860712],[0.65646471 0.74141162],[0.6686446  0.75421611],
[0.68082448 0.76702061],[0.69300437 0.77982511],[0.70518426 0.79262961],
[0.71736415 0.8054341 ],[0.72954403 0.8182386 ],[0.74172392 0.8310431 ],
[0.75390381 0.8438476 ],[0.7660837  0.85665209],[0.77826359 0.86945659],
[0.79044347 0.88226109],[0.80262336 0.89506558],[0.81480325 0.90787008],
[0.82698314 0.92067458],[0.83916302 0.93347908],[0.85134291 0.94628357],
[0.8635228  0.95908807],[0.87570269 0.97189257],[0.88788257 0.98469706],
[0.90006246 0.99750156],[0.91224235 0.01030606],[0.92442224 0.02311056],
[0.93660212 0.03591505],[0.94878201 0.04871955],[0.9609619  0.06152405],
[0.97314179 0.07432854],[0.98532167 0.08713304],[0.99750156 0.09993754],
[0.00968145 0.11274204],[0.02186134 0.12554653],[0.03404122 0.13835103],
[0.04622111 0.15115553],[0.058401   0.16396002],[0.07058089 0.17676452],
[0.08276077 0.18956902],[0.09494066 0.20237352],[0.10712055 0.21517801],
[0.11930044 0.22798251],[0.13148032 0.24078701],[0.14366021 0.25359151],
[0.1558401 0.266396 ],[0.16801999 0.2792005 ],[0.18019988 0.292005  ],
[0.19237976 0.30480949],[0.20455965 0.31761399],[0.21673954 0.33041849],
[0.22891943 0.34322299],[0.24109931 0.35602748],[0.2532792  0.36883198],
[0.26545909 0.38163648],[0.27763898 0.39444097],[0.28981886 0.40724547],
[0.30199875 0.42004997],[0.31417864 0.43285447],[0.32635853 0.44565896],
[0.33853841 0.45846346],[0.3507183  0.47126796],[0.36289819 0.48407245],
[0.37507808 0.49687695],[0.38725796 0.50968145],[0.39943785 0.52248595],
[0.41161774 0.53529044],[0.42379763 0.54809494],[0.43597751 0.56089944],
[0.4481574  0.57370394],[0.46033729 0.58650843],[0.47251718 0.59931293],
[0.48469706 0.61211743],[0.49687695 0.62492192],[0.50905684 0.63772642],
[0.52123673 0.65053092],[0.53341661 0.66333542],[0.5455965  0.67613991],
[0.55777639 0.68894441],[0.56995628 0.70174891],[0.58213616 0.7145534 ],
[0.59431605 0.7273579 ],[0.60649594 0.7401624 ],[0.61867583 0.7529669 ],
[0.63085572 0.76577139],[0.6430356  0.77857589],[0.65521549 0.79138039],
[0.66739538 0.80418488],[0.67957527 0.81698938],[0.69175515 0.82979388],
[0.70393504 0.84259838],[0.71611493 0.85540287],[0.72829482 0.86820737],
[0.7404747  0.88101187],[0.75265459 0.89381636],[0.76483448 0.90662086],
[0.77701437 0.91942536],[0.78919425 0.93222986],[0.80137414 0.94503435],
[0.81355403 0.95783885],[0.82573392 0.97064335],[0.8379138  0.98344785],
[0.85009369 0.99625234],[0.86227358 0.00905684],[0.87445347 0.02186134],
[0.88663335 0.03466583],[0.89881324 0.04747033],[0.91099313 0.06027483],
[0.92317302 0.07307933],[0.9353529  0.08588382],[0.94753279 0.09868832],
[0.95971268 0.11149282],[0.97189257 0.12429731],[0.98407245 0.13710181],
[0.99625234 0.14990631],[0.00843223 0.16271081],[0.02061212 0.1755153 ],
[0.032792  0.1883198],[0.04497189 0.2011243 ],[0.05715178 0.21392879],
[0.06933167 0.22673329],[0.08151156 0.23953779],[0.09369144 0.25234229],
[0.10587133 0.26514678],[0.11805122 0.27795128],[0.13023111 0.29075578],
[0.14241099 0.30356027],[0.15459088 0.31636477],[0.16677077 0.32916927],
[0.17895066 0.34197377],[0.19113054 0.35477826],[0.20331043 0.36758276],
[0.21549032 0.38038726],[0.22767021 0.39319176],[0.23985009 0.40599625],
[0.25202998 0.41880075],[0.26420987 0.43160525],[0.27638976 0.44440974],
[0.28856964 0.45721424],[0.30074953 0.47001874],[0.31292942 0.48282324],
[0.32510931 0.49562773],[0.33728919 0.50843223],[0.34946908 0.52123673],
[0.36164897 0.53404122],[0.37382886 0.54684572],[0.38600874 0.55965022],
[0.39818863 0.57245472],[0.41036852 0.58525921],[0.42254841 0.59806371],
[0.43472829 0.61086821],[0.44690818 0.6236727 ],[0.45908807 0.6364772 ],
[0.47126796 0.6492817 ],[0.48344785 0.6620862 ],[0.49562773 0.67489069],
[0.50780762 0.68769519],[0.51998751 0.70049969],[0.5321674  0.71330418],
[0.54434728 0.72610868],[0.55652717 0.73891318],[0.56870706 0.75171768],
[0.58088695 0.76452217],[0.59306683 0.77732667],[0.60524672 0.79013117],
[0.61742661 0.80293567],[0.6296065  0.81574016],[0.64178638 0.82854466],
[0.65396627 0.84134916],[0.66614616 0.85415365],[0.67832605 0.86695815],
[0.69050593 0.87976265],[0.70268582 0.89256715],[0.71486571 0.90537164],
[0.7270456  0.91817614],[0.73922548 0.93098064],[0.75140537 0.94378513],
[0.76358526 0.95658963],[0.77576515 0.96939413],[0.78794503 0.98219863],
[0.80012492 0.99500312],[0.81230481 0.00780762],[0.8244847  0.02061212],
[0.83666458 0.03341661],[0.84884447 0.04622111],[0.86102436 0.05902561],
[0.87320425 0.07183011],[0.88538413 0.0846346 ],[0.89756402 0.0974391 ],
[0.90974391 0.1102436 ],[0.9219238  0.12304809],[0.93410369 0.13585259],
[0.94628357 0.14865709],[0.95846346 0.16146159],[0.97064335 0.17426608],
[0.98282324 0.18707058],[0.99500312 0.19987508],[0.00718301 0.21267958],
[0.0193629  0.22548407],[0.03154279 0.23828857],[0.04372267 0.25109307],
[0.05590256 0.26389756],[0.06808245 0.27670206],[0.08026234 0.28950656],
[0.09244222 0.30231106],[0.10462211 0.31511555],[0.116802   0.32792005],
[0.12898189 0.34072455],[0.14116177 0.35352904],[0.15334166 0.36633354],
[0.16552155 0.37913804],[0.17770144 0.39194254],[0.18988132 0.40474703],
[0.20206121 0.41755153],[0.2142411  0.43035603],[0.22642099 0.44316052],
[0.23860087 0.45596502],[0.25078076 0.46876952],[0.26296065 0.48157402],
[0.27514054 0.49437851],[0.28732042 0.50718301],[0.29950031 0.51998751],
[0.3116802 0.532792 ],[0.32386009 0.5455965 ],[0.33603998 0.558401  ],
[0.34821986 0.5712055 ],[0.36039975 0.58400999],[0.37257964 0.59681449],
[0.38475953 0.60961899],[0.39693941 0.62242349],[0.4091193  0.63522798],
[0.42129919 0.64803248],[0.43347908 0.66083698],[0.44565896 0.67364147],
[0.45783885 0.68644597],[0.47001874 0.69925047],[0.48219863 0.71205497],
[0.49437851 0.72485946],[0.5065584  0.73766396],[0.51873829 0.75046846],
[0.53091818 0.76327295],[0.54309806 0.77607745],[0.55527795 0.78888195],
[0.56745784 0.80168645],[0.57963773 0.81449094],[0.59181761 0.82729544],
[0.6039975  0.84009994],[0.61617739 0.85290443],[0.62835728 0.86570893],
[0.64053716 0.87851343],[0.65271705 0.89131793],[0.66489694 0.90412242],
[0.67707683 0.91692692],[0.68925671 0.92973142],[0.7014366  0.94253592],
[0.71361649 0.95534041],[0.72579638 0.96814491],[0.73797626 0.98094941],
[0.75015615 0.9937539 ],[0.76233604 0.0065584 ],[0.77451593 0.0193629 ],
[0.78669582 0.0321674 ],[0.7988757  0.04497189],[0.81105559 0.05777639],
[0.82323548 0.07058089],[0.83541537 0.08338538],[0.84759525 0.09618988],
[0.85977514 0.10899438],[0.87195503 0.12179888],[0.88413492 0.13460337],
[0.8963148  0.14740787],[0.90849469 0.16021237],[0.92067458 0.17301686],
[0.93285447 0.18582136],[0.94503435 0.19862586],[0.95721424 0.21143036],
[0.96939413 0.22423485],[0.98157402 0.23703935],[0.9937539  0.24984385],
[0.00593379 0.26264834],[0.01811368 0.27545284],[0.03029357 0.28825734],
[0.04247345 0.30106184],[0.05465334 0.31386633],[0.06683323 0.32667083],
[0.07901312 0.33947533],[0.091193   0.35227983],[0.10337289 0.36508432],
[0.11555278 0.37788882],[0.12773267 0.39069332],[0.13991255 0.40349781],
[0.15209244 0.41630231],[0.16427233 0.42910681],[0.17645222 0.44191131],
[0.1886321 0.4547158],[0.20081199 0.4675203 ],[0.21299188 0.4803248 ],
[0.22517177 0.49312929],[0.23735166 0.50593379],[0.24953154 0.51873829],
[0.26171143 0.53154279],[0.27389132 0.54434728],[0.28607121 0.55715178],
[0.29825109 0.56995628],[0.31043098 0.58276077],[0.32261087 0.59556527],
[0.33479076 0.60836977],[0.34697064 0.62117427],[0.35915053 0.63397876],
[0.37133042 0.64678326],[0.38351031 0.65958776],[0.39569019 0.67239225],
[0.40787008 0.68519675],[0.42004997 0.69800125],[0.43222986 0.71080575],
[0.44440974 0.72361024],[0.45658963 0.73641474],[0.46876952 0.74921924],
[0.48094941 0.76202374],[0.49312929 0.77482823],[0.50530918 0.78763273],
[0.51748907 0.80043723],[0.52966896 0.81324172],[0.54184884 0.82604622],
[0.55402873 0.83885072],[0.56620862 0.85165522],[0.57838851 0.86445971],
[0.59056839 0.87726421],[0.60274828 0.89006871],[0.61492817 0.9028732 ],
[0.62710806 0.9156777 ],[0.63928795 0.9284822 ],[0.65146783 0.9412867 ],
[0.66364772 0.95409119],[0.67582761 0.96689569],[0.6880075  0.97970019],
[0.70018738 0.99250468],[0.71236727 0.00530918],[0.72454716 0.01811368],
[0.73672705 0.03091818],[0.74890693 0.04372267],[0.76108682 0.05652717],
[0.77326671 0.06933167],[0.7854466  0.08213616],[0.79762648 0.09494066],
[0.80980637 0.10774516],[0.82198626 0.12054966],[0.83416615 0.13335415],
[0.84634603 0.14615865],[0.85852592 0.15896315],[0.87070581 0.17176765],
[0.8828857  0.18457214],[0.89506558 0.19737664],[0.90724547 0.21018114],
[0.91942536 0.22298563],[0.93160525 0.23579013],[0.94378513 0.24859463],
[0.95596502 0.26139913],[0.96814491 0.27420362],[0.9803248  0.28700812],
[0.99250468 0.29981262],[0.00468457 0.31261711],[0.01686446 0.32542161],
[0.02904435 0.33822611],[0.04122423 0.35103061],[0.05340412 0.3638351 ],
[0.06558401 0.3766396 ],[0.0777639 0.3894441],[0.08994379 0.40224859],
[0.10212367 0.41505309],[0.11430356 0.42785759],[0.12648345 0.44066209],
[0.13866334 0.45346658],[0.15084322 0.46627108],[0.16302311 0.47907558],
[0.175203   0.49188007],[0.18738289 0.50468457],[0.19956277 0.51748907],
[0.21174266 0.53029357],[0.22392255 0.54309806],[0.23610244 0.55590256],
[0.24828232 0.56870706],[0.26046221 0.58151156],[0.2726421  0.59431605],
[0.28482199 0.60712055],[0.29700187 0.61992505],[0.30918176 0.63272954],
[0.32136165 0.64553404],[0.33354154 0.65833854],[0.34572142 0.67114304],
[0.35790131 0.68394753],[0.3700812  0.69675203],[0.38226109 0.70955653],
[0.39444097 0.72236102],[0.40662086 0.73516552],[0.41880075 0.74797002],
[0.43098064 0.76077452],[0.44316052 0.77357901],[0.45534041 0.78638351],
[0.4675203  0.79918801],[0.47970019 0.8119925 ],[0.49188007 0.824797  ],
[0.50405996 0.8376015 ],[0.51623985 0.850406  ],[0.52841974 0.86321049],
[0.54059963 0.87601499],[0.55277951 0.88881949],[0.5649594  0.90162399],
[0.57713929 0.91442848],[0.58931918 0.92723298],[0.60149906 0.94003748],
[0.61367895 0.95284197],[0.62585884 0.96564647],[0.63803873 0.97845097],
[0.65021861 0.99125547],[0.6623985  0.00405996],[0.67457839 0.01686446],
[0.68675828 0.02966896],[0.69893816 0.04247345],[0.71111805 0.05527795],
[0.72329794 0.06808245],[0.73547783 0.08088695],[0.74765771 0.09369144],
[0.7598376  0.10649594],[0.77201749 0.11930044],[0.78419738 0.13210493],
[0.79637726 0.14490943],[0.80855715 0.15771393],[0.82073704 0.17051843],
[0.83291693 0.18332292],[0.84509681 0.19612742],[0.8572767  0.20893192],
[0.86945659 0.22173641],[0.88163648 0.23454091],[0.89381636 0.24734541],
[0.90599625 0.26014991],[0.91817614 0.2729544 ],[0.93035603 0.2857589 ],
[0.94253592 0.2985634 ],[0.9547158 0.3113679],[0.96689569 0.32417239],
[0.97907558 0.33697689],[0.99125547 0.34978139],[0.00343535 0.36258588],
[0.01561524 0.37539038],[0.02779513 0.38819488],[0.03997502 0.40099938],
[0.0521549  0.41380387],[0.06433479 0.42660837],[0.07651468 0.43941287],
[0.08869457 0.45221736],[0.10087445 0.46502186],[0.11305434 0.47782636],
[0.12523423 0.49063086],[0.13741412 0.50343535],[0.149594   0.51623985],
[0.16177389 0.52904435],[0.17395378 0.54184884],[0.18613367 0.55465334],
[0.19831355 0.56745784],[0.21049344 0.58026234],[0.22267333 0.59306683],
[0.23485322 0.60587133],[0.2470331  0.61867583],[0.25921299 0.63148032],
[0.27139288 0.64428482],[0.28357277 0.65708932],[0.29575265 0.66989382],
[0.30793254 0.68269831],[0.32011243 0.69550281],[0.33229232 0.70830731],
[0.3444722  0.72111181],[0.35665209 0.7339163 ],[0.36883198 0.7467208 ],
[0.38101187 0.7595253 ],[0.39319176 0.77232979],[0.40537164 0.78513429],
[0.41755153 0.79793879],[0.42973142 0.81074329],[0.44191131 0.82354778],
[0.45409119 0.83635228],[0.46627108 0.84915678],[0.47845097 0.86196127],
[0.49063086 0.87476577],[0.50281074 0.88757027],[0.51499063 0.90037477],
[0.52717052 0.91317926],[0.53935041 0.92598376],[0.55153029 0.93878826],
[0.56371018 0.95159275],[0.57589007 0.96439725],[0.58806996 0.97720175],
[0.60024984 0.99000625],[0.61242973 0.00281074],[0.62460962 0.01561524],
[0.63678951 0.02841974],[0.64896939 0.04122423],[0.66114928 0.05402873],
[0.67332917 0.06683323],[0.68550906 0.07963773],[0.69768894 0.09244222],
[0.70986883 0.10524672],[0.72204872 0.11805122],[0.73422861 0.13085572],
[0.74640849 0.14366021],[0.75858838 0.15646471],[0.77076827 0.16926921],
[0.78294816 0.1820737 ],[0.79512804 0.1948782 ],[0.80730793 0.2076827 ],
[0.81948782 0.2204872 ],[0.83166771 0.23329169],[0.8438476  0.24609619],
[0.85602748 0.25890069],[0.86820737 0.27170518],[0.88038726 0.28450968],
[0.89256715 0.29731418],[0.90474703 0.31011868],[0.91692692 0.32292317],
[0.92910681 0.33572767],[0.9412867  0.34853217],[0.95346658 0.36133666],
[0.96564647 0.37414116],[0.97782636 0.38694566],[0.99000625 0.39975016],
[0.00218613 0.41255465],[0.01436602 0.42535915],[0.02654591 0.43816365],
[0.0387258  0.45096814],[0.05090568 0.46377264],[0.06308557 0.47657714],
[0.07526546 0.48938164],[0.08744535 0.50218613],[0.09962523 0.51499063],
[0.11180512 0.52779513],[0.12398501 0.54059963],[0.1361649  0.55340412],
[0.14834478 0.56620862],[0.16052467 0.57901312],[0.17270456 0.59181761],
[0.18488445 0.60462211],[0.19706433 0.61742661],[0.20924422 0.63023111],
[0.22142411 0.6430356 ],[0.233604  0.6558401],[0.24578389 0.6686446 ],
[0.25796377 0.68144909],[0.27014366 0.69425359],[0.28232355 0.70705809],
[0.29450344 0.71986259],[0.30668332 0.73266708],[0.31886321 0.74547158],
[0.3310431  0.75827608],[0.34322299 0.77108057],[0.35540287 0.78388507],
[0.36758276 0.79668957],[0.37976265 0.80949407],[0.39194254 0.82229856],
[0.40412242 0.83510306],[0.41630231 0.84790756],[0.4284822  0.86071205],
[0.44066209 0.87351655],[0.45284197 0.88632105],[0.46502186 0.89912555],
[0.47720175 0.91193004],[0.48938164 0.92473454],[0.50156152 0.93753904],
[0.51374141 0.95034354],[0.5259213  0.96314803],[0.53810119 0.97595253],
[0.55028107 0.98875703],[0.56246096 0.00156152],[0.57464085 0.01436602],
[0.58682074 0.02717052],[0.59900062 0.03997502],[0.61118051 0.05277951],
[0.6233604  0.06558401],[0.63554029 0.07838851],[0.64772017 0.091193  ],
[0.65990006 0.1039975 ],[0.67207995 0.116802  ],[0.68425984 0.1296065 ],
[0.69643973 0.14241099],[0.70861961 0.15521549],[0.7207995  0.16801999],
[0.73297939 0.18082448],[0.74515928 0.19362898],[0.75733916 0.20643348],
[0.76951905 0.21923798],[0.78169894 0.23204247],[0.79387883 0.24484697],
[0.80605871 0.25765147],[0.8182386  0.27045597],[0.83041849 0.28326046],
[0.84259838 0.29606496],[0.85477826 0.30886946],[0.86695815 0.32167395],
[0.87913804 0.33447845],[0.89131793 0.34728295],[0.90349781 0.36008745],
[0.9156777  0.37289194],[0.92785759 0.38569644],[0.94003748 0.39850094],
[0.95221736 0.41130543],[0.96439725 0.42410993],[0.97657714 0.43691443],
[0.98875703 0.44971893],[0.00093691 0.46252342],[0.0131168  0.47532792],
[0.02529669 0.48813242],[0.03747658 0.50093691],[0.04965646 0.51374141],
[0.06183635 0.52654591],[0.07401624 0.53935041],[0.08619613 0.5521549 ],
[0.09837601 0.5649594 ],[0.1105559 0.5777639],[0.12273579 0.59056839],
[0.13491568 0.60337289],[0.14709557 0.61617739],[0.15927545 0.62898189],
[0.17145534 0.64178638],[0.18363523 0.65459088],[0.19581512 0.66739538],
[0.207995   0.68019988],[0.22017489 0.69300437],[0.23235478 0.70580887],
[0.24453467 0.71861337],[0.25671455 0.73141786],[0.26889444 0.74422236],
[0.28107433 0.75702686],[0.29325422 0.76983136],[0.3054341  0.78263585],
[0.31761399 0.79544035],[0.32979388 0.80824485],[0.34197377 0.82104934],
[0.35415365 0.83385384],[0.36633354 0.84665834],[0.37851343 0.85946284],
[0.39069332 0.87226733],[0.4028732  0.88507183],[0.41505309 0.89787633],
[0.42723298 0.91068082],[0.43941287 0.92348532],[0.45159275 0.93628982],
[0.46377264 0.94909432],[0.47595253 0.96189881],[0.48813242 0.97470331],
[0.5003123  0.98750781],[5.12492192e-01 3.12304809e-04],[0.52467208 0.0131168 ],
[0.53685197 0.0259213 ],[0.54903186 0.0387258 ],[0.56121174 0.05153029],
[0.57339163 0.06433479],[0.58557152 0.07713929],[0.59775141 0.08994379],
[0.60993129 0.10274828],[0.62211118 0.11555278],[0.63429107 0.12835728],
[0.64647096 0.14116177],[0.65865084 0.15396627],[0.67083073 0.16677077],
[0.68301062 0.17957527],[0.69519051 0.19237976],[0.70737039 0.20518426],
[0.71955028 0.21798876],[0.73173017 0.23079325],[0.74391006 0.24359775],
[0.75608994 0.25640225],[0.76826983 0.26920675],[0.78044972 0.28201124],
[0.79262961 0.29481574],[0.80480949 0.30762024],[0.81698938 0.32042473],
[0.82916927 0.33322923],[0.84134916 0.34603373],[0.85352904 0.35883823],
[0.86570893 0.37164272],[0.87788882 0.38444722],[0.89006871 0.39725172],
[0.90224859 0.41005621],[0.91442848 0.42286071],[0.92660837 0.43566521],
[0.93878826 0.44846971],[0.95096814 0.4612742 ],[0.96314803 0.4740787 ],
[0.97532792 0.4868832 ],[0.98750781 0.4996877 ],[0.9996877  0.51249219],
[0.01186758 0.52529669],[0.02404747 0.53810119],[0.03622736 0.55090568],
[0.04840725 0.56371018],[0.06058713 0.57651468],[0.07276702 0.58931918],
[0.08494691 0.60212367],[0.0971268  0.61492817],[0.10930668 0.62773267],
[0.12148657 0.64053716],[0.13366646 0.65334166],[0.14584635 0.66614616],
[0.15802623 0.67895066],[0.17020612 0.69175515],[0.18238601 0.70455965],
[0.1945659  0.71736415],[0.20674578 0.73016864],[0.21892567 0.74297314],
[0.23110556 0.75577764],[0.24328545 0.76858214],[0.25546533 0.78138663],
[0.26764522 0.79419113],[0.27982511 0.80699563],[0.292005   0.81980012],
[0.30418488 0.83260462],[0.31636477 0.84540912],[0.32854466 0.85821362],
[0.34072455 0.87101811],[0.35290443 0.88382261],[0.36508432 0.89662711],
[0.37726421 0.90943161],[0.3894441 0.9222361],[0.40162399 0.9350406 ],
[0.41380387 0.9478451 ],[0.42598376 0.96064959],[0.43816365 0.97345409],
[0.45034354 0.98625859],[0.46252342 0.99906309],[0.47470331 0.01186758],
[0.4868832  0.02467208],[0.49906309 0.03747658],[0.51124297 0.05028107],
[0.52342286 0.06308557],[0.53560275 0.07589007],[0.54778264 0.08869457],
[0.55996252 0.10149906],[0.57214241 0.11430356],[0.5843223  0.12710806],
[0.59650219 0.13991255],[0.60868207 0.15271705],[0.62086196 0.16552155],
[0.63304185 0.17832605],[0.64522174 0.19113054],[0.65740162 0.20393504],
[0.66958151 0.21673954],[0.6817614  0.22954403],[0.69394129 0.24234853],
[0.70612117 0.25515303],[0.71830106 0.26795753],[0.73048095 0.28076202],
[0.74266084 0.29356652],[0.75484072 0.30637102],[0.76702061 0.31917552],
[0.7792005  0.33198001],[0.79138039 0.34478451],[0.80356027 0.35758901],
[0.81574016 0.3703935 ],[0.82792005 0.383198  ],[0.84009994 0.3960025 ],
[0.85227983 0.408807  ],[0.86445971 0.42161149],[0.8766396  0.43441599],
[0.88881949 0.44722049],[0.90099938 0.46002498],[0.91317926 0.47282948],
[0.92535915 0.48563398],[0.93753904 0.49843848],[0.94971893 0.51124297],
[0.96189881 0.52404747],[0.9740787  0.53685197],[0.98625859 0.54965646],
[0.99843848 0.56246096],[0.01061836 0.57526546],[0.02279825 0.58806996],
[0.03497814 0.60087445],[0.04715803 0.61367895],[0.05933791 0.62648345],
[0.0715178  0.63928795],[0.08369769 0.65209244],[0.09587758 0.66489694],
[0.10805746 0.67770144],[0.12023735 0.69050593],[0.13241724 0.70331043],
[0.14459713 0.71611493],[0.15677701 0.72891943],[0.1689569  0.74172392],
[0.18113679 0.75452842],[0.19331668 0.76733292],[0.20549656 0.78013741],
[0.21767645 0.79294191],[0.22985634 0.80574641],[0.24203623 0.81855091],
[0.25421611 0.8313554 ],[0.266396  0.8441599],[0.27857589 0.8569644 ],
[0.29075578 0.86976889],[0.30293567 0.88257339],[0.31511555 0.89537789],
[0.32729544 0.90818239],[0.33947533 0.92098688],[0.35165522 0.93379138],
[0.3638351  0.94659588],[0.37601499 0.95940037],[0.38819488 0.97220487],
[0.40037477 0.98500937],[0.41255465 0.99781387],[0.42473454 0.01061836],
[0.43691443 0.02342286],[0.44909432 0.03622736],[0.4612742  0.04903186],
[0.47345409 0.06183635],[0.48563398 0.07464085],[0.49781387 0.08744535],
[0.50999375 0.10024984],[0.52217364 0.11305434],[0.53435353 0.12585884],
[0.54653342 0.13866334],[0.5587133  0.15146783],[0.57089319 0.16427233],
[0.58307308 0.17707683],[0.59525297 0.18988132],[0.60743285 0.20268582],
[0.61961274 0.21549032],[0.63179263 0.22829482],[0.64397252 0.24109931],
[0.6561524  0.25390381],[0.66833229 0.26670831],[0.68051218 0.2795128 ],
[0.69269207 0.2923173 ],[0.70487196 0.3051218 ],[0.71705184 0.3179263 ],
[0.72923173 0.33073079],[0.74141162 0.34353529],[0.75359151 0.35633979],
[0.76577139 0.36914428],[0.77795128 0.38194878],[0.79013117 0.39475328],
[0.80231106 0.40755778],[0.81449094 0.42036227],[0.82667083 0.43316677],
[0.83885072 0.44597127],[0.85103061 0.45877577],[0.86321049 0.47158026],
[0.87539038 0.48438476],[0.88757027 0.49718926],[0.89975016 0.50999375],
[0.91193004 0.52279825],[0.92410993 0.53560275],[0.93628982 0.54840725],
[0.94846971 0.56121174],[0.96064959 0.57401624],[0.97282948 0.58682074],
[0.98500937 0.59962523],[0.99718926 0.61242973],[0.00936914 0.62523423],
[0.02154903 0.63803873],[0.03372892 0.65084322],[0.04590881 0.66364772],
[0.05808869 0.67645222],[0.07026858 0.68925671],[0.08244847 0.70206121],
[0.09462836 0.71486571],[0.10680824 0.72767021],[0.11898813 0.7404747 ],
[0.13116802 0.7532792 ],[0.14334791 0.7660837 ],[0.1555278  0.77888819],
[0.16770768 0.79169269],[0.17988757 0.80449719],[0.19206746 0.81730169],
[0.20424735 0.83010618],[0.21642723 0.84291068],[0.22860712 0.85571518],
[0.24078701 0.86851968],[0.2529669  0.88132417],[0.26514678 0.89412867],
[0.27732667 0.90693317],[0.28950656 0.91973766],[0.30168645 0.93254216],
[0.31386633 0.94534666],[0.32604622 0.95815116],[0.33822611 0.97095565],
[0.350406   0.98376015],[0.36258588 0.99656465],[0.37476577 0.00936914],
[0.38694566 0.02217364],[0.39912555 0.03497814],[0.41130543 0.04778264],
[0.42348532 0.06058713],[0.43566521 0.07339163],[0.4478451  0.08619613],
[0.46002498 0.09900062],[0.47220487 0.11180512],[0.48438476 0.12460962],
[0.49656465 0.13741412],[0.50874453 0.15021861],[0.52092442 0.16302311],
[0.53310431 0.17582761],[0.5452842 0.1886321],[0.55746408 0.2014366 ],
[0.56964397 0.2142411 ],[0.58182386 0.2270456 ],[0.59400375 0.23985009],
[0.60618364 0.25265459],[0.61836352 0.26545909],[0.63054341 0.27826359],
[0.6427233  0.29106808],[0.65490319 0.30387258],[0.66708307 0.31667708],
[0.67926296 0.32948157],[0.69144285 0.34228607],[0.70362274 0.35509057],
[0.71580262 0.36789507],[0.72798251 0.38069956],[0.7401624  0.39350406],
[0.75234229 0.40630856],[0.76452217 0.41911305],[0.77670206 0.43191755],
[0.78888195 0.44472205],[0.80106184 0.45752655],[0.81324172 0.47033104],
[0.82542161 0.48313554],[0.8376015  0.49594004],[0.84978139 0.50874453],
[0.86196127 0.52154903],[0.87414116 0.53435353],[0.88632105 0.54715803],
[0.89850094 0.55996252],[0.91068082 0.57276702],[0.92286071 0.58557152],
[0.9350406  0.59837601],[0.94722049 0.61118051],[0.95940037 0.62398501],
[0.97158026 0.63678951],[0.98376015 0.649594  ],[0.99594004 0.6623985 ],
[0.00811993 0.675203  ],[0.02029981 0.6880075 ],[0.0324797  0.70081199],
[0.04465959 0.71361649],[0.05683948 0.72642099],[0.06901936 0.73922548],
[0.08119925 0.75202998],[0.09337914 0.76483448],[0.10555903 0.77763898],
[0.11773891 0.79044347],[0.1299188  0.80324797],[0.14209869 0.81605247],
[0.15427858 0.82885696],[0.16645846 0.84166146],[0.17863835 0.85446596],
[0.19081824 0.86727046],[0.20299813 0.88007495],[0.21517801 0.89287945],
[0.2273579  0.90568395],[0.23953779 0.91848844],[0.25171768 0.93129294],
[0.26389756 0.94409744],[0.27607745 0.95690194],[0.28825734 0.96970643],
[0.30043723 0.98251093],[0.31261711 0.99531543],[0.324797   0.00811993],
[0.33697689 0.02092442],[0.34915678 0.03372892],[0.36133666 0.04653342],
[0.37351655 0.05933791],[0.38569644 0.07214241],[0.39787633 0.08494691],
[0.41005621 0.09775141],[0.4222361 0.1105559],[0.43441599 0.1233604 ],
[0.44659588 0.1361649 ],[0.45877577 0.14896939],[0.47095565 0.16177389],
[0.48313554 0.17457839],[0.49531543 0.18738289],[0.50749532 0.20018738],
[0.5196752  0.21299188],[0.53185509 0.22579638],[0.54403498 0.23860087],
[0.55621487 0.25140537],[0.56839475 0.26420987],[0.58057464 0.27701437],
[0.59275453 0.28981886],[0.60493442 0.30262336],[0.6171143  0.31542786],
[0.62929419 0.32823235],[0.64147408 0.34103685],[0.65365397 0.35384135],
[0.66583385 0.36664585],[0.67801374 0.37945034],[0.69019363 0.39225484],
[0.70237352 0.40505934],[0.7145534  0.41786384],[0.72673329 0.43066833],
[0.73891318 0.44347283],[0.75109307 0.45627733],[0.76327295 0.46908182],
[0.77545284 0.48188632],[0.78763273 0.49469082],[0.79981262 0.50749532],
[0.8119925  0.52029981],[0.82417239 0.53310431],[0.83635228 0.54590881],
[0.84853217 0.5587133 ],[0.86071205 0.5715178 ],[0.87289194 0.5843223 ],
[0.88507183 0.5971268 ],[0.89725172 0.60993129],[0.90943161 0.62273579],
[0.92161149 0.63554029],[0.93379138 0.64834478],[0.94597127 0.66114928],
[0.95815116 0.67395378],[0.97033104 0.68675828],[0.98251093 0.69956277],
[0.99469082 0.71236727],[0.00687071 0.72517177],[0.01905059 0.73797626],
[0.03123048 0.75078076],[0.04341037 0.76358526],[0.05559026 0.77638976],
[0.06777014 0.78919425],[0.07995003 0.80199875],[0.09212992 0.81480325],
[0.10430981 0.82760775],[0.11648969 0.84041224],[0.12866958 0.85321674],
[0.14084947 0.86602124],[0.15302936 0.87882573],[0.16520924 0.89163023],
[0.17738913 0.90443473],[0.18956902 0.91723923],[0.20174891 0.93004372],
[0.21392879 0.94284822],[0.22610868 0.95565272],[0.23828857 0.96845721],
[0.25046846 0.98126171],[0.26264834 0.99406621],[0.27482823 0.00687071],
[0.28700812 0.0196752 ],[0.29918801 0.0324797 ],[0.3113679 0.0452842],
[0.32354778 0.05808869],[0.33572767 0.07089319],[0.34790756 0.08369769],
[0.36008745 0.09650219],[0.37226733 0.10930668],[0.38444722 0.12211118],
[0.39662711 0.13491568],[0.408807   0.14772017],[0.42098688 0.16052467],
[0.43316677 0.17332917],[0.44534666 0.18613367],[0.45752655 0.19893816],
[0.46970643 0.21174266],[0.48188632 0.22454716],[0.49406621 0.23735166],
[0.5062461  0.25015615],[0.51842598 0.26296065],[0.53060587 0.27576515],
[0.54278576 0.28856964],[0.55496565 0.30137414],[0.56714553 0.31417864],
[0.57932542 0.32698314],[0.59150531 0.33978763],[0.6036852  0.35259213],
[0.61586508 0.36539663],[0.62804497 0.37820112],[0.64022486 0.39100562],
[0.65240475 0.40381012],[0.66458463 0.41661462],[0.67676452 0.42941911],
[0.68894441 0.44222361],[0.7011243  0.45502811],[0.71330418 0.4678326 ],
[0.72548407 0.4806371 ],[0.73766396 0.4934416 ],[0.74984385 0.5062461 ],
[0.76202374 0.51905059],[0.77420362 0.53185509],[0.78638351 0.54465959],
[0.7985634  0.55746408],[0.81074329 0.57026858],[0.82292317 0.58307308],
[0.83510306 0.59587758],[0.84728295 0.60868207],[0.85946284 0.62148657],
[0.87164272 0.63429107],[0.88382261 0.64709557],[0.8960025  0.65990006],
[0.90818239 0.67270456],[0.92036227 0.68550906],[0.93254216 0.69831355],
[0.94472205 0.71111805],[0.95690194 0.72392255],[0.96908182 0.73672705],
[0.98126171 0.74953154],[0.9934416  0.76233604],[0.00562149 0.77514054],
[0.01780137 0.78794503],[0.02998126 0.80074953],[0.04216115 0.81355403],
[0.05434104 0.82635853],[0.06652092 0.83916302],[0.07870081 0.85196752],
[0.0908807  0.86477202],[0.10306059 0.87757651],[0.11524047 0.89038101],
[0.12742036 0.90318551],[0.13960025 0.91599001],[0.15178014 0.9287945 ],
[0.16396002 0.941599  ],[0.17613991 0.9544035 ],[0.1883198 0.967208 ],
[0.20049969 0.98001249],[0.21267958 0.99281699],[0.22485946 0.00562149],
[0.23703935 0.01842598],[0.24921924 0.03123048],[0.26139913 0.04403498],
[0.27357901 0.05683948],[0.2857589  0.06964397],[0.29793879 0.08244847],
[0.31011868 0.09525297],[0.32229856 0.10805746],[0.33447845 0.12086196],
[0.34665834 0.13366646],[0.35883823 0.14647096],[0.37101811 0.15927545],
[0.383198   0.17207995],[0.39537789 0.18488445],[0.40755778 0.19768894],
[0.41973766 0.21049344],[0.43191755 0.22329794],[0.44409744 0.23610244],
[0.45627733 0.24890693],[0.46845721 0.26171143],[0.4806371  0.27451593],
[0.49281699 0.28732042],[0.50499688 0.30012492],[0.51717676 0.31292942],
[0.52935665 0.32573392],[0.54153654 0.33853841],[0.55371643 0.35134291],
[0.56589631 0.36414741],[0.5780762  0.37695191],[0.59025609 0.3897564 ],
[0.60243598 0.4025609 ],[0.61461587 0.4153654 ],[0.62679575 0.42816989],
[0.63897564 0.44097439],[0.65115553 0.45377889],[0.66333542 0.46658339],
[0.6755153  0.47938788],[0.68769519 0.49219238],[0.69987508 0.50499688],
[0.71205497 0.51780137],[0.72423485 0.53060587],[0.73641474 0.54341037],
[0.74859463 0.55621487],[0.76077452 0.56901936],[0.7729544  0.58182386],
[0.78513429 0.59462836],[0.79731418 0.60743285],[0.80949407 0.62023735],
[0.82167395 0.63304185],[0.83385384 0.64584635],[0.84603373 0.65865084],
[0.85821362 0.67145534],[0.8703935  0.68425984],[0.88257339 0.69706433],
[0.89475328 0.70986883],[0.90693317 0.72267333],[0.91911305 0.73547783],
[0.93129294 0.74828232],[0.94347283 0.76108682],[0.95565272 0.77389132],
[0.9678326  0.78669582],[0.98001249 0.79950031],[0.99219238 0.81230481],
[0.00437227 0.82510931],[0.01655215 0.8379138 ],[0.02873204 0.8507183 ],
[0.04091193 0.8635228 ],[0.05309182 0.8763273 ],[0.06527171 0.88913179],
[0.07745159 0.90193629],[0.08963148 0.91474079],[0.10181137 0.92754528],
[0.11399126 0.94034978],[0.12617114 0.95315428],[0.13835103 0.96595878],
[0.15053092 0.97876327],[0.16271081 0.99156777],[0.17489069 0.00437227],
[0.18707058 0.01717676],[0.19925047 0.02998126],[0.21143036 0.04278576],
[0.22361024 0.05559026],[0.23579013 0.06839475],[0.24797002 0.08119925],
[0.26014991 0.09400375],[0.27232979 0.10680824],[0.28450968 0.11961274],
[0.29668957 0.13241724],[0.30886946 0.14522174],[0.32104934 0.15802623],
[0.33322923 0.17083073],[0.34540912 0.18363523],[0.35758901 0.19643973],
[0.36976889 0.20924422],[0.38194878 0.22204872],[0.39412867 0.23485322],
[0.40630856 0.24765771],[0.41848844 0.26046221],[0.43066833 0.27326671],
[0.44284822 0.28607121],[0.45502811 0.2988757 ],[0.467208  0.3116802],
[0.47938788 0.3244847 ],[0.49156777 0.33728919],[0.50374766 0.35009369],
[0.51592755 0.36289819],[0.52810743 0.37570269],[0.54028732 0.38850718],
[0.55246721 0.40131168],[0.5646471  0.41411618],[0.57682698 0.42692067],
[0.58900687 0.43972517],[0.60118676 0.45252967],[0.61336665 0.46533417],
[0.62554653 0.47813866],[0.63772642 0.49094316],[0.64990631 0.50374766],
[0.6620862  0.51655215],[0.67426608 0.52935665],[0.68644597 0.54216115],
[0.69862586 0.55496565],[0.71080575 0.56777014],[0.72298563 0.58057464],
[0.73516552 0.59337914],[0.74734541 0.60618364],[0.7595253  0.61898813],
[0.77170518 0.63179263],[0.78388507 0.64459713],[0.79606496 0.65740162],
[0.80824485 0.67020612],[0.82042473 0.68301062],[0.83260462 0.69581512],
[0.84478451 0.70861961],[0.8569644  0.72142411],[0.86914428 0.73422861],
[0.88132417 0.7470331 ],[0.89350406 0.7598376 ],[0.90568395 0.7726421 ],
[0.91786384 0.7854466 ],[0.93004372 0.79825109],[0.94222361 0.81105559],
[0.9544035  0.82386009],[0.96658339 0.83666458],[0.97876327 0.84946908],
[0.99094316 0.86227358],[0.00312305 0.87507808],[0.01530294 0.88788257],
[0.02748282 0.90068707],[0.03966271 0.91349157],[0.0518426  0.92629606],
[0.06402249 0.93910056],[0.07620237 0.95190506],[0.08838226 0.96470956],
[0.10056215 0.97751405],[0.11274204 0.99031855],[0.12492192 0.00312305],
[0.13710181 0.01592755],[0.1492817  0.02873204],[0.16146159 0.04153654],
[0.17364147 0.05434104],[0.18582136 0.06714553],[0.19800125 0.07995003],
[0.21018114 0.09275453],[0.22236102 0.10555903],[0.23454091 0.11836352],
[0.2467208  0.13116802],[0.25890069 0.14397252],[0.27108057 0.15677701],
[0.28326046 0.16958151],[0.29544035 0.18238601],[0.30762024 0.19519051],
[0.31980012 0.207995  ],[0.33198001 0.2207995 ],[0.3441599 0.233604 ],
[0.35633979 0.24640849],[0.36851968 0.25921299],[0.38069956 0.27201749],
[0.39287945 0.28482199],[0.40505934 0.29762648],[0.41723923 0.31043098],
[0.42941911 0.32323548],[0.441599   0.33603998],[0.45377889 0.34884447],
[0.46595878 0.36164897],[0.47813866 0.37445347],[0.49031855 0.38725796],
[0.50249844 0.40006246],[0.51467833 0.41286696],[0.52685821 0.42567146],
[0.5390381  0.43847595],[0.55121799 0.45128045],[0.56339788 0.46408495],
[0.57557776 0.47688944],[0.58775765 0.48969394],[0.59993754 0.50249844],
[0.61211743 0.51530294],[0.62429731 0.52810743],[0.6364772  0.54091193],
[0.64865709 0.55371643],[0.66083698 0.56652092],[0.67301686 0.57932542],
[0.68519675 0.59212992],[0.69737664 0.60493442],[0.70955653 0.61773891],
[0.72173641 0.63054341],[0.7339163  0.64334791],[0.74609619 0.6561524 ],
[0.75827608 0.6689569 ],[0.77045597 0.6817614 ],[0.78263585 0.6945659 ],
[0.79481574 0.70737039],[0.80699563 0.72017489],[0.81917552 0.73297939],
[0.8313554  0.74578389],[0.84353529 0.75858838],[0.85571518 0.77139288],
[0.86789507 0.78419738],[0.88007495 0.79700187],[0.89225484 0.80980637],
[0.90443473 0.82261087],[0.91661462 0.83541537],[0.9287945  0.84821986],
[0.94097439 0.86102436],[0.95315428 0.87382886],[0.96533417 0.88663335],
[0.97751405 0.89943785],[0.98969394 0.91224235],[0.00187383 0.92504685],
[0.01405372 0.93785134],[0.0262336  0.95065584],[0.03841349 0.96346034],
[0.05059338 0.97626483],[0.06277327 0.98906933],[0.07495315 0.00187383],
[0.08713304 0.01467833],[0.09931293 0.02748282],[0.11149282 0.04028732],
[0.1236727  0.05309182],[0.13585259 0.06589631],[0.14803248 0.07870081],
[0.16021237 0.09150531],[0.17239225 0.10430981],[0.18457214 0.1171143 ],
[0.19675203 0.1299188 ],[0.20893192 0.1427233 ],[0.22111181 0.1555278 ],
[0.23329169 0.16833229],[0.24547158 0.18113679],[0.25765147 0.19394129],
[0.26983136 0.20674578],[0.28201124 0.21955028],[0.29419113 0.23235478],
[0.30637102 0.24515928],[0.31855091 0.25796377],[0.33073079 0.27076827],
[0.34291068 0.28357277],[0.35509057 0.29637726],[0.36727046 0.30918176],
[0.37945034 0.32198626],[0.39163023 0.33479076],[0.40381012 0.34759525],
[0.41599001 0.36039975],[0.42816989 0.37320425],[0.44034978 0.38600874],
[0.45252967 0.39881324],[0.46470956 0.41161774],[0.47688944 0.42442224],
[0.48906933 0.43722673],[0.50124922 0.45003123],[0.51342911 0.46283573],
[0.52560899 0.47564022],[0.53778888 0.48844472],[0.54996877 0.50124922],
[0.56214866 0.51405372],[0.57432854 0.52685821],[0.58650843 0.53966271],
[0.59868832 0.55246721],[0.61086821 0.56527171],[0.62304809 0.5780762 ],
[0.63522798 0.5908807 ],[0.64740787 0.6036852 ],[0.65958776 0.61648969],
[0.67176765 0.62929419],[0.68394753 0.64209869],[0.69612742 0.65490319],
[0.70830731 0.66770768],[0.7204872  0.68051218],[0.73266708 0.69331668],
[0.74484697 0.70612117],[0.75702686 0.71892567],[0.76920675 0.73173017],
[0.78138663 0.74453467],[0.79356652 0.75733916],[0.80574641 0.77014366],
[0.8179263  0.78294816],[0.83010618 0.79575265],[0.84228607 0.80855715],
[0.85446596 0.82136165],[0.86664585 0.83416615],[0.87882573 0.84697064],
[0.89100562 0.85977514],[0.90318551 0.87257964],[0.9153654  0.88538413],
[0.92754528 0.89818863],[0.93972517 0.91099313],[0.95190506 0.92379763],
[0.96408495 0.93660212],[0.97626483 0.94940662],[0.98844472 0.96221112],
[6.24609619e-04 9.75015615e-01],[0.0128045  0.98782011],[0.02498438 0.00062461],
[0.03716427 0.01342911],[0.04934416 0.0262336 ],[0.06152405 0.0390381 ],
[0.07370394 0.0518426 ],[0.08588382 0.0646471 ],[0.09806371 0.07745159],
[0.1102436  0.09025609],[0.12242349 0.10306059],[0.13460337 0.11586508],
[0.14678326 0.12866958],[0.15896315 0.14147408],[0.17114304 0.15427858],
[0.18332292 0.16708307],[0.19550281 0.17988757],[0.2076827  0.19269207],
[0.21986259 0.20549656],[0.23204247 0.21830106],[0.24422236 0.23110556],
[0.25640225 0.24391006],[0.26858214 0.25671455],[0.28076202 0.26951905],
[0.29294191 0.28232355],[0.3051218  0.29512804],[0.31730169 0.30793254],
[0.32948157 0.32073704],[0.34166146 0.33354154],[0.35384135 0.34634603],
[0.36602124 0.35915053],[0.37820112 0.37195503],[0.39038101 0.38475953],
[0.4025609  0.39756402],[0.41474079 0.41036852],[0.42692067 0.42317302],
[0.43910056 0.43597751],[0.45128045 0.44878201],[0.46346034 0.46158651],
[0.47564022 0.47439101],[0.48782011 0.4871955 ],[0.5 0.5],
[0.51217989 0.5128045 ],[0.52435978 0.52560899],[0.53653966 0.53841349],
[0.54871955 0.55121799],[0.56089944 0.56402249],[0.57307933 0.57682698],
[0.58525921 0.58963148],[0.5974391  0.60243598],[0.60961899 0.61524047],
[0.62179888 0.62804497],[0.63397876 0.64084947],[0.64615865 0.65365397],
[0.65833854 0.66645846],[0.67051843 0.67926296],[0.68269831 0.69206746],
[0.6948782  0.70487196],[0.70705809 0.71767645],[0.71923798 0.73048095],
[0.73141786 0.74328545],[0.74359775 0.75608994],[0.75577764 0.76889444],
[0.76795753 0.78169894],[0.78013741 0.79450344],[0.7923173  0.80730793],
[0.80449719 0.82011243],[0.81667708 0.83291693],[0.82885696 0.84572142],
[0.84103685 0.85852592],[0.85321674 0.87133042],[0.86539663 0.88413492],
[0.87757651 0.89693941],[0.8897564  0.90974391],[0.90193629 0.92254841],
[0.91411618 0.9353529 ],[0.92629606 0.9481574 ],[0.93847595 0.9609619 ],
[0.95065584 0.9737664 ],[0.96283573 0.98657089],[0.97501562 0.99937539],
[0.9871955  0.01217989],[0.99937539 0.02498438],[0.01155528 0.03778888],
[0.02373517 0.05059338],[0.03591505 0.06339788],[0.04809494 0.07620237],
[0.06027483 0.08900687],[0.07245472 0.10181137],[0.0846346  0.11461587],
[0.09681449 0.12742036],[0.10899438 0.14022486],[0.12117427 0.15302936],
[0.13335415 0.16583385],[0.14553404 0.17863835],[0.15771393 0.19144285],
[0.16989382 0.20424735],[0.1820737  0.21705184],[0.19425359 0.22985634],
[0.20643348 0.24266084],[0.21861337 0.25546533],[0.23079325 0.26826983],
[0.24297314 0.28107433],[0.25515303 0.29387883],[0.26733292 0.30668332],
[0.2795128  0.31948782],[0.29169269 0.33229232],[0.30387258 0.34509681],
[0.31605247 0.35790131],[0.32823235 0.37070581],[0.34041224 0.38351031],
[0.35259213 0.3963148 ],[0.36477202 0.4091193 ],[0.37695191 0.4219238 ],
[0.38913179 0.43472829],[0.40131168 0.44753279],[0.41349157 0.46033729],
[0.42567146 0.47314179],[0.43785134 0.48594628],[0.45003123 0.49875078],
[0.46221112 0.51155528],[0.47439101 0.52435978],[0.48657089 0.53716427],
[0.49875078 0.54996877],[0.51093067 0.56277327],[0.52311056 0.57557776],
[0.53529044 0.58838226],[0.54747033 0.60118676],[0.55965022 0.61399126],
[0.57183011 0.62679575],[0.58400999 0.63960025],[0.59618988 0.65240475],
[0.60836977 0.66520924],[0.62054966 0.67801374],[0.63272954 0.69081824],
[0.64490943 0.70362274],[0.65708932 0.71642723],[0.66926921 0.72923173],
[0.68144909 0.74203623],[0.69362898 0.75484072],[0.70580887 0.76764522],
[0.71798876 0.78044972],[0.73016864 0.79325422],[0.74234853 0.80605871],
[0.75452842 0.81886321],[0.76670831 0.83166771],[0.77888819 0.8444722 ],
[0.79106808 0.8572767 ],[0.80324797 0.8700812 ],[0.81542786 0.8828857 ],
[0.82760775 0.89569019],[0.83978763 0.90849469],[0.85196752 0.92129919],
[0.86414741 0.93410369],[0.8763273  0.94690818],[0.88850718 0.95971268],
[0.90068707 0.97251718],[0.91286696 0.98532167],[0.92504685 0.99812617],
[0.93722673 0.01093067],[0.94940662 0.02373517],[0.96158651 0.03653966],
[0.9737664  0.04934416],[0.98594628 0.06214866],[0.99812617 0.07495315],
[0.01030606 0.08775765],[0.02248595 0.10056215],[0.03466583 0.11336665],
[0.04684572 0.12617114],[0.05902561 0.13897564],[0.0712055  0.15178014],
[0.08338538 0.16458463],[0.09556527 0.17738913],[0.10774516 0.19019363],
[0.11992505 0.20299813],[0.13210493 0.21580262],[0.14428482 0.22860712],
[0.15646471 0.24141162],[0.1686446  0.25421611],[0.18082448 0.26702061],
[0.19300437 0.27982511],[0.20518426 0.29262961],[0.21736415 0.3054341 ],
[0.22954403 0.3182386 ],[0.24172392 0.3310431 ],[0.25390381 0.3438476 ],
[0.2660837  0.35665209],[0.27826359 0.36945659],[0.29044347 0.38226109],
[0.30262336 0.39506558],[0.31480325 0.40787008],[0.32698314 0.42067458],
[0.33916302 0.43347908],[0.35134291 0.44628357],[0.3635228  0.45908807],
[0.37570269 0.47189257],[0.38788257 0.48469706],[0.40006246 0.49750156],
[0.41224235 0.51030606],[0.42442224 0.52311056],[0.43660212 0.53591505],
[0.44878201 0.54871955],[0.4609619  0.56152405],[0.47314179 0.57432854],
[0.48532167 0.58713304],[0.49750156 0.59993754],[0.50968145 0.61274204],
[0.52186134 0.62554653],[0.53404122 0.63835103],[0.54622111 0.65115553],
[0.558401   0.66396002],[0.57058089 0.67676452],[0.58276077 0.68956902],
[0.59494066 0.70237352],[0.60712055 0.71517801],[0.61930044 0.72798251],
[0.63148032 0.74078701],[0.64366021 0.75359151],[0.6558401 0.766396 ],
[0.66801999 0.7792005 ],[0.68019988 0.792005  ],[0.69237976 0.80480949],
[0.70455965 0.81761399],[0.71673954 0.83041849],[0.72891943 0.84322299],
[0.74109931 0.85602748],[0.7532792  0.86883198],[0.76545909 0.88163648],
[0.77763898 0.89444097],[0.78981886 0.90724547],[0.80199875 0.92004997],
[0.81417864 0.93285447],[0.82635853 0.94565896],[0.83853841 0.95846346],
[0.8507183  0.97126796],[0.86289819 0.98407245],[0.87507808 0.99687695],
[0.88725796 0.00968145],[0.89943785 0.02248595],[0.91161774 0.03529044],
[0.92379763 0.04809494],[0.93597751 0.06089944],[0.9481574  0.07370394],
[0.96033729 0.08650843],[0.97251718 0.09931293],[0.98469706 0.11211743],
[0.99687695 0.12492192],[0.00905684 0.13772642],[0.02123673 0.15053092],
[0.03341661 0.16333542],[0.0455965  0.17613991],[0.05777639 0.18894441],
[0.06995628 0.20174891],[0.08213616 0.2145534 ],[0.09431605 0.2273579 ],
[0.10649594 0.2401624 ],[0.11867583 0.2529669 ],[0.13085572 0.26577139],
[0.1430356  0.27857589],[0.15521549 0.29138039],[0.16739538 0.30418488],
[0.17957527 0.31698938],[0.19175515 0.32979388],[0.20393504 0.34259838],
[0.21611493 0.35540287],[0.22829482 0.36820737],[0.2404747  0.38101187],
[0.25265459 0.39381636],[0.26483448 0.40662086],[0.27701437 0.41942536],
[0.28919425 0.43222986],[0.30137414 0.44503435],[0.31355403 0.45783885],
[0.32573392 0.47064335],[0.3379138  0.48344785],[0.35009369 0.49625234],
[0.36227358 0.50905684],[0.37445347 0.52186134],[0.38663335 0.53466583],
[0.39881324 0.54747033],[0.41099313 0.56027483],[0.42317302 0.57307933],
[0.4353529  0.58588382],[0.44753279 0.59868832],[0.45971268 0.61149282],
[0.47189257 0.62429731],[0.48407245 0.63710181],[0.49625234 0.64990631],
[0.50843223 0.66271081],[0.52061212 0.6755153 ],[0.532792  0.6883198],
[0.54497189 0.7011243 ],[0.55715178 0.71392879],[0.56933167 0.72673329],
[0.58151156 0.73953779],[0.59369144 0.75234229],[0.60587133 0.76514678],
[0.61805122 0.77795128],[0.63023111 0.79075578],[0.64241099 0.80356027],
[0.65459088 0.81636477],[0.66677077 0.82916927],[0.67895066 0.84197377],
[0.69113054 0.85477826],[0.70331043 0.86758276],[0.71549032 0.88038726],
[0.72767021 0.89319176],[0.73985009 0.90599625],[0.75202998 0.91880075],
[0.76420987 0.93160525],[0.77638976 0.94440974],[0.78856964 0.95721424],
[0.80074953 0.97001874],[0.81292942 0.98282324],[0.82510931 0.99562773],
[0.83728919 0.00843223],[0.84946908 0.02123673],[0.86164897 0.03404122],
[0.87382886 0.04684572],[0.88600874 0.05965022],[0.89818863 0.07245472],
[0.91036852 0.08525921],[0.92254841 0.09806371],[0.93472829 0.11086821],
[0.94690818 0.1236727 ],[0.95908807 0.1364772 ],[0.97126796 0.1492817 ],
[0.98344785 0.1620862 ],[0.99562773 0.17489069],[0.00780762 0.18769519],
[0.01998751 0.20049969],[0.0321674  0.21330418],[0.04434728 0.22610868],
[0.05652717 0.23891318],[0.06870706 0.25171768],[0.08088695 0.26452217],
[0.09306683 0.27732667],[0.10524672 0.29013117],[0.11742661 0.30293567],
[0.1296065  0.31574016],[0.14178638 0.32854466],[0.15396627 0.34134916],
[0.16614616 0.35415365],[0.17832605 0.36695815],[0.19050593 0.37976265],
[0.20268582 0.39256715],[0.21486571 0.40537164],[0.2270456  0.41817614],
[0.23922548 0.43098064],[0.25140537 0.44378513],[0.26358526 0.45658963],
[0.27576515 0.46939413],[0.28794503 0.48219863],[0.30012492 0.49500312],
[0.31230481 0.50780762],[0.3244847  0.52061212],[0.33666458 0.53341661],
[0.34884447 0.54622111],[0.36102436 0.55902561],[0.37320425 0.57183011],
[0.38538413 0.5846346 ],[0.39756402 0.5974391 ],[0.40974391 0.6102436 ],
[0.4219238  0.62304809],[0.43410369 0.63585259],[0.44628357 0.64865709],
[0.45846346 0.66146159],[0.47064335 0.67426608],[0.48282324 0.68707058],
[0.49500312 0.69987508],[0.50718301 0.71267958],[0.5193629  0.72548407],
[0.53154279 0.73828857],[0.54372267 0.75109307],[0.55590256 0.76389756],
[0.56808245 0.77670206],[0.58026234 0.78950656],[0.59244222 0.80231106],
[0.60462211 0.81511555],[0.616802   0.82792005],[0.62898189 0.84072455],
[0.64116177 0.85352904],[0.65334166 0.86633354],[0.66552155 0.87913804],
[0.67770144 0.89194254],[0.68988132 0.90474703],[0.70206121 0.91755153],
[0.7142411  0.93035603],[0.72642099 0.94316052],[0.73860087 0.95596502],
[0.75078076 0.96876952],[0.76296065 0.98157402],[0.77514054 0.99437851],
[0.78732042 0.00718301],[0.79950031 0.01998751],[0.8116802 0.032792 ],
[0.82386009 0.0455965 ],[0.83603998 0.058401  ],[0.84821986 0.0712055 ],
[0.86039975 0.08400999],[0.87257964 0.09681449],[0.88475953 0.10961899],
[0.89693941 0.12242349],[0.9091193  0.13522798],[0.92129919 0.14803248],
[0.93347908 0.16083698],[0.94565896 0.17364147],[0.95783885 0.18644597],
[0.97001874 0.19925047],[0.98219863 0.21205497],[0.99437851 0.22485946],
[0.0065584  0.23766396],[0.01873829 0.25046846],[0.03091818 0.26327295],
[0.04309806 0.27607745],[0.05527795 0.28888195],[0.06745784 0.30168645],
[0.07963773 0.31449094],[0.09181761 0.32729544],[0.1039975  0.34009994],
[0.11617739 0.35290443],[0.12835728 0.36570893],[0.14053716 0.37851343],
[0.15271705 0.39131793],[0.16489694 0.40412242],[0.17707683 0.41692692],
[0.18925671 0.42973142],[0.2014366  0.44253592],[0.21361649 0.45534041],
[0.22579638 0.46814491],[0.23797626 0.48094941],[0.25015615 0.4937539 ],
[0.26233604 0.5065584 ],[0.27451593 0.5193629 ],[0.28669582 0.5321674 ],
[0.2988757  0.54497189],[0.31105559 0.55777639],[0.32323548 0.57058089],
[0.33541537 0.58338538],[0.34759525 0.59618988],[0.35977514 0.60899438],
[0.37195503 0.62179888],[0.38413492 0.63460337],[0.3963148  0.64740787],
[0.40849469 0.66021237],[0.42067458 0.67301686],[0.43285447 0.68582136],
[0.44503435 0.69862586],[0.45721424 0.71143036],[0.46939413 0.72423485],
[0.48157402 0.73703935],[0.4937539  0.74984385],[0.50593379 0.76264834],
[0.51811368 0.77545284],[0.53029357 0.78825734],[0.54247345 0.80106184],
[0.55465334 0.81386633],[0.56683323 0.82667083],[0.57901312 0.83947533],
[0.591193   0.85227983],[0.60337289 0.86508432],[0.61555278 0.87788882],
[0.62773267 0.89069332],[0.63991255 0.90349781],[0.65209244 0.91630231],
[0.66427233 0.92910681],[0.67645222 0.94191131],[0.6886321 0.9547158],
[0.70081199 0.9675203 ],[0.71299188 0.9803248 ],[0.72517177 0.99312929],
[0.73735166 0.00593379],[0.74953154 0.01873829],[0.76171143 0.03154279],
[0.77389132 0.04434728],[0.78607121 0.05715178],[0.79825109 0.06995628],
[0.81043098 0.08276077],[0.82261087 0.09556527],[0.83479076 0.10836977],
[0.84697064 0.12117427],[0.85915053 0.13397876],[0.87133042 0.14678326],
[0.88351031 0.15958776],[0.89569019 0.17239225],[0.90787008 0.18519675],
[0.92004997 0.19800125],[0.93222986 0.21080575],[0.94440974 0.22361024],
[0.95658963 0.23641474],[0.96876952 0.24921924],[0.98094941 0.26202374],
[0.99312929 0.27482823],[0.00530918 0.28763273],[0.01748907 0.30043723],
[0.02966896 0.31324172],[0.04184884 0.32604622],[0.05402873 0.33885072],
[0.06620862 0.35165522],[0.07838851 0.36445971],[0.09056839 0.37726421],
[0.10274828 0.39006871],[0.11492817 0.4028732 ],[0.12710806 0.4156777 ],
[0.13928795 0.4284822 ],[0.15146783 0.4412867 ],[0.16364772 0.45409119],
[0.17582761 0.46689569],[0.1880075  0.47970019],[0.20018738 0.49250468],
[0.21236727 0.50530918],[0.22454716 0.51811368],[0.23672705 0.53091818],
[0.24890693 0.54372267],[0.26108682 0.55652717],[0.27326671 0.56933167],
[0.2854466  0.58213616],[0.29762648 0.59494066],[0.30980637 0.60774516],
[0.32198626 0.62054966],[0.33416615 0.63335415],[0.34634603 0.64615865],
[0.35852592 0.65896315],[0.37070581 0.67176765],[0.3828857  0.68457214],
[0.39506558 0.69737664],[0.40724547 0.71018114],[0.41942536 0.72298563],
[0.43160525 0.73579013],[0.44378513 0.74859463],[0.45596502 0.76139913],
[0.46814491 0.77420362],[0.4803248  0.78700812],[0.49250468 0.79981262],
[0.50468457 0.81261711],[0.51686446 0.82542161],[0.52904435 0.83822611],
[0.54122423 0.85103061],[0.55340412 0.8638351 ],[0.56558401 0.8766396 ],
[0.5777639 0.8894441],[0.58994379 0.90224859],[0.60212367 0.91505309],
[0.61430356 0.92785759],[0.62648345 0.94066209],[0.63866334 0.95346658],
[0.65084322 0.96627108],[0.66302311 0.97907558],[0.675203   0.99188007],
[0.68738289 0.00468457],[0.69956277 0.01748907],[0.71174266 0.03029357],
[0.72392255 0.04309806],[0.73610244 0.05590256],[0.74828232 0.06870706],
[0.76046221 0.08151156],[0.7726421  0.09431605],[0.78482199 0.10712055],
[0.79700187 0.11992505],[0.80918176 0.13272954],[0.82136165 0.14553404],
[0.83354154 0.15833854],[0.84572142 0.17114304],[0.85790131 0.18394753],
[0.8700812  0.19675203],[0.88226109 0.20955653],[0.89444097 0.22236102],
[0.90662086 0.23516552],[0.91880075 0.24797002],[0.93098064 0.26077452],
[0.94316052 0.27357901],[0.95534041 0.28638351],[0.9675203  0.29918801],
[0.97970019 0.3119925 ],[0.99188007 0.324797  ],[0.00405996 0.3376015 ],
[0.01623985 0.350406  ],[0.02841974 0.36321049],[0.04059963 0.37601499],
[0.05277951 0.38881949],[0.0649594  0.40162399],[0.07713929 0.41442848],
[0.08931918 0.42723298],[0.10149906 0.44003748],[0.11367895 0.45284197],
[0.12585884 0.46564647],[0.13803873 0.47845097],[0.15021861 0.49125547],
[0.1623985  0.50405996],[0.17457839 0.51686446],[0.18675828 0.52966896],
[0.19893816 0.54247345],[0.21111805 0.55527795],[0.22329794 0.56808245],
[0.23547783 0.58088695],[0.24765771 0.59369144],[0.2598376  0.60649594],
[0.27201749 0.61930044],[0.28419738 0.63210493],[0.29637726 0.64490943],
[0.30855715 0.65771393],[0.32073704 0.67051843],[0.33291693 0.68332292],
[0.34509681 0.69612742],[0.3572767  0.70893192],[0.36945659 0.72173641],
[0.38163648 0.73454091],[0.39381636 0.74734541],[0.40599625 0.76014991],
[0.41817614 0.7729544 ],[0.43035603 0.7857589 ],[0.44253592 0.7985634 ],
[0.4547158 0.8113679],[0.46689569 0.82417239],[0.47907558 0.83697689],
[0.49125547 0.84978139],[0.50343535 0.86258588],[0.51561524 0.87539038],
[0.52779513 0.88819488],[0.53997502 0.90099938],[0.5521549  0.91380387],
[0.56433479 0.92660837],[0.57651468 0.93941287],[0.58869457 0.95221736],
[0.60087445 0.96502186],[0.61305434 0.97782636],[0.62523423 0.99063086],
[0.63741412 0.00343535],[0.649594   0.01623985],[0.66177389 0.02904435],
[0.67395378 0.04184884],[0.68613367 0.05465334],[0.69831355 0.06745784],
[0.71049344 0.08026234],[0.72267333 0.09306683],[0.73485322 0.10587133],
[0.7470331  0.11867583],[0.75921299 0.13148032],[0.77139288 0.14428482],
[0.78357277 0.15708932],[0.79575265 0.16989382],[0.80793254 0.18269831],
[0.82011243 0.19550281],[0.83229232 0.20830731],[0.8444722  0.22111181],
[0.85665209 0.2339163 ],[0.86883198 0.2467208 ],[0.88101187 0.2595253 ],
[0.89319176 0.27232979],[0.90537164 0.28513429],[0.91755153 0.29793879],
[0.92973142 0.31074329],[0.94191131 0.32354778],[0.95409119 0.33635228],
[0.96627108 0.34915678],[0.97845097 0.36196127],[0.99063086 0.37476577],
[0.00281074 0.38757027],[0.01499063 0.40037477],[0.02717052 0.41317926],
[0.03935041 0.42598376],[0.05153029 0.43878826],[0.06371018 0.45159275],
[0.07589007 0.46439725],[0.08806996 0.47720175],[0.10024984 0.49000625],
[0.11242973 0.50281074],[0.12460962 0.51561524],[0.13678951 0.52841974],
[0.14896939 0.54122423],[0.16114928 0.55402873],[0.17332917 0.56683323],
[0.18550906 0.57963773],[0.19768894 0.59244222],[0.20986883 0.60524672],
[0.22204872 0.61805122],[0.23422861 0.63085572],[0.24640849 0.64366021],
[0.25858838 0.65646471],[0.27076827 0.66926921],[0.28294816 0.6820737 ],
[0.29512804 0.6948782 ],[0.30730793 0.7076827 ],[0.31948782 0.7204872 ],
[0.33166771 0.73329169],[0.3438476  0.74609619],[0.35602748 0.75890069],
[0.36820737 0.77170518],[0.38038726 0.78450968],[0.39256715 0.79731418],
[0.40474703 0.81011868],[0.41692692 0.82292317],[0.42910681 0.83572767],
[0.4412867  0.84853217],[0.45346658 0.86133666],[0.46564647 0.87414116],
[0.47782636 0.88694566],[0.49000625 0.89975016],[0.50218613 0.91255465],
[0.51436602 0.92535915],[0.52654591 0.93816365],[0.5387258  0.95096814],
[0.55090568 0.96377264],[0.56308557 0.97657714],[0.57526546 0.98938164],
[0.58744535 0.00218613],[0.59962523 0.01499063],[0.61180512 0.02779513],
[0.62398501 0.04059963],[0.6361649  0.05340412],[0.64834478 0.06620862],
[0.66052467 0.07901312],[0.67270456 0.09181761],[0.68488445 0.10462211],
[0.69706433 0.11742661],[0.70924422 0.13023111],[0.72142411 0.1430356 ],
[0.733604  0.1558401],[0.74578389 0.1686446 ],[0.75796377 0.18144909],
[0.77014366 0.19425359],[0.78232355 0.20705809],[0.79450344 0.21986259],
[0.80668332 0.23266708],[0.81886321 0.24547158],[0.8310431  0.25827608],
[0.84322299 0.27108057],[0.85540287 0.28388507],[0.86758276 0.29668957],
[0.87976265 0.30949407],[0.89194254 0.32229856],[0.90412242 0.33510306],
[0.91630231 0.34790756],[0.9284822  0.36071205],[0.94066209 0.37351655],
[0.95284197 0.38632105],[0.96502186 0.39912555],[0.97720175 0.41193004],
[0.98938164 0.42473454],[0.00156152 0.43753904],[0.01374141 0.45034354],
[0.0259213  0.46314803],[0.03810119 0.47595253],[0.05028107 0.48875703],
[0.06246096 0.50156152],[0.07464085 0.51436602],[0.08682074 0.52717052],
[0.09900062 0.53997502],[0.11118051 0.55277951],[0.1233604  0.56558401],
[0.13554029 0.57838851],[0.14772017 0.591193  ],[0.15990006 0.6039975 ],
[0.17207995 0.616802  ],[0.18425984 0.6296065 ],[0.19643973 0.64241099],
[0.20861961 0.65521549],[0.2207995  0.66801999],[0.23297939 0.68082448],
[0.24515928 0.69362898],[0.25733916 0.70643348],[0.26951905 0.71923798],
[0.28169894 0.73204247],[0.29387883 0.74484697],[0.30605871 0.75765147],
[0.3182386  0.77045597],[0.33041849 0.78326046],[0.34259838 0.79606496],
[0.35477826 0.80886946],[0.36695815 0.82167395],[0.37913804 0.83447845],
[0.39131793 0.84728295],[0.40349781 0.86008745],[0.4156777  0.87289194],
[0.42785759 0.88569644],[0.44003748 0.89850094],[0.45221736 0.91130543],
[0.46439725 0.92410993],[0.47657714 0.93691443],[0.48875703 0.94971893],
[0.50093691 0.96252342],[0.5131168  0.97532792],[0.52529669 0.98813242],
[0.53747658 0.00093691],[0.54965646 0.01374141],[0.56183635 0.02654591],
[0.57401624 0.03935041],[0.58619613 0.0521549 ],[0.59837601 0.0649594 ],
[0.6105559 0.0777639],[0.62273579 0.09056839],[0.63491568 0.10337289],
[0.64709557 0.11617739],[0.65927545 0.12898189],[0.67145534 0.14178638],
[0.68363523 0.15459088],[0.69581512 0.16739538],[0.707995   0.18019988],
[0.72017489 0.19300437],[0.73235478 0.20580887],[0.74453467 0.21861337],
[0.75671455 0.23141786],[0.76889444 0.24422236],[0.78107433 0.25702686],
[0.79325422 0.26983136],[0.8054341  0.28263585],[0.81761399 0.29544035],
[0.82979388 0.30824485],[0.84197377 0.32104934],[0.85415365 0.33385384],
[0.86633354 0.34665834],[0.87851343 0.35946284],[0.89069332 0.37226733],
[0.9028732  0.38507183],[0.91505309 0.39787633],[0.92723298 0.41068082],
[0.93941287 0.42348532],[0.95159275 0.43628982],[0.96377264 0.44909432],
[0.97595253 0.46189881],[0.98813242 0.47470331],[3.12304809e-04 4.87507808e-01],
[0.01249219 0.5003123 ],[0.02467208 0.5131168 ],[0.03685197 0.5259213 ],
[0.04903186 0.5387258 ],[0.06121174 0.55153029],[0.07339163 0.56433479],
[0.08557152 0.57713929],[0.09775141 0.58994379],[0.10993129 0.60274828],
[0.12211118 0.61555278],[0.13429107 0.62835728],[0.14647096 0.64116177],
[0.15865084 0.65396627],[0.17083073 0.66677077],[0.18301062 0.67957527],
[0.19519051 0.69237976],[0.20737039 0.70518426],[0.21955028 0.71798876],
[0.23173017 0.73079325],[0.24391006 0.74359775],[0.25608994 0.75640225],
[0.26826983 0.76920675],[0.28044972 0.78201124],[0.29262961 0.79481574],
[0.30480949 0.80762024],[0.31698938 0.82042473],[0.32916927 0.83322923],
[0.34134916 0.84603373],[0.35352904 0.85883823],[0.36570893 0.87164272],
[0.37788882 0.88444722],[0.39006871 0.89725172],[0.40224859 0.91005621],
[0.41442848 0.92286071],[0.42660837 0.93566521],[0.43878826 0.94846971],
[0.45096814 0.9612742 ],[0.46314803 0.9740787 ],[0.47532792 0.9868832 ],
[0.48750781 0.9996877 ],[0.4996877  0.01249219],[0.51186758 0.02529669],
[0.52404747 0.03810119],[0.53622736 0.05090568],[0.54840725 0.06371018],
[0.56058713 0.07651468],[0.57276702 0.08931918],[0.58494691 0.10212367],
[0.5971268  0.11492817],[0.60930668 0.12773267],[0.62148657 0.14053716],
[0.63366646 0.15334166],[0.64584635 0.16614616],[0.65802623 0.17895066],
[0.67020612 0.19175515],[0.68238601 0.20455965],[0.6945659  0.21736415],
[0.70674578 0.23016864],[0.71892567 0.24297314],[0.73110556 0.25577764],
[0.74328545 0.26858214],[0.75546533 0.28138663],[0.76764522 0.29419113],
[0.77982511 0.30699563],[0.792005   0.31980012],[0.80418488 0.33260462],
[0.81636477 0.34540912],[0.82854466 0.35821362],[0.84072455 0.37101811],
[0.85290443 0.38382261],[0.86508432 0.39662711],[0.87726421 0.40943161],
[0.8894441 0.4222361],[0.90162399 0.4350406 ],[0.91380387 0.4478451 ],
[0.92598376 0.46064959],[0.93816365 0.47345409],[0.95034354 0.48625859],
[0.96252342 0.49906309],[0.97470331 0.51186758],[0.9868832  0.52467208],
[0.99906309 0.53747658],[0.01124297 0.55028107],[0.02342286 0.56308557],
[0.03560275 0.57589007],[0.04778264 0.58869457],[0.05996252 0.60149906],
[0.07214241 0.61430356],[0.0843223  0.62710806],[0.09650219 0.63991255],
[0.10868207 0.65271705],[0.12086196 0.66552155],[0.13304185 0.67832605],
[0.14522174 0.69113054],[0.15740162 0.70393504],[0.16958151 0.71673954],
[0.1817614  0.72954403],[0.19394129 0.74234853],[0.20612117 0.75515303],
[0.21830106 0.76795753],[0.23048095 0.78076202],[0.24266084 0.79356652],
[0.25484072 0.80637102],[0.26702061 0.81917552],[0.2792005  0.83198001],
[0.29138039 0.84478451],[0.30356027 0.85758901],[0.31574016 0.8703935 ],
[0.32792005 0.883198  ],[0.34009994 0.8960025 ],[0.35227983 0.908807  ],
[0.36445971 0.92161149],[0.3766396  0.93441599],[0.38881949 0.94722049],
[0.40099938 0.96002498],[0.41317926 0.97282948],[0.42535915 0.98563398],
[0.43753904 0.99843848],[0.44971893 0.01124297],[0.46189881 0.02404747],
[0.4740787  0.03685197],[0.48625859 0.04965646],[0.49843848 0.06246096],
[0.51061836 0.07526546],[0.52279825 0.08806996],[0.53497814 0.10087445],
[0.54715803 0.11367895],[0.55933791 0.12648345],[0.5715178  0.13928795],
[0.58369769 0.15209244],[0.59587758 0.16489694],[0.60805746 0.17770144],
[0.62023735 0.19050593],[0.63241724 0.20331043],[0.64459713 0.21611493],
[0.65677701 0.22891943],[0.6689569  0.24172392],[0.68113679 0.25452842],
[0.69331668 0.26733292],[0.70549656 0.28013741],[0.71767645 0.29294191],
[0.72985634 0.30574641],[0.74203623 0.31855091],[0.75421611 0.3313554 ],
[0.766396  0.3441599],[0.77857589 0.3569644 ],[0.79075578 0.36976889],
[0.80293567 0.38257339],[0.81511555 0.39537789],[0.82729544 0.40818239],
[0.83947533 0.42098688],[0.85165522 0.43379138],[0.8638351  0.44659588],
[0.87601499 0.45940037],[0.88819488 0.47220487],[0.90037477 0.48500937],
[0.91255465 0.49781387],[0.92473454 0.51061836],[0.93691443 0.52342286],
[0.94909432 0.53622736],[0.9612742  0.54903186],[0.97345409 0.56183635],
[0.98563398 0.57464085],[0.99781387 0.58744535],[0.00999375 0.60024984],
[0.02217364 0.61305434],[0.03435353 0.62585884],[0.04653342 0.63866334],
[0.0587133  0.65146783],[0.07089319 0.66427233],[0.08307308 0.67707683],
[0.09525297 0.68988132],[0.10743285 0.70268582],[0.11961274 0.71549032],
[0.13179263 0.72829482],[0.14397252 0.74109931],[0.1561524  0.75390381],
[0.16833229 0.76670831],[0.18051218 0.7795128 ],[0.19269207 0.7923173 ],
[0.20487196 0.8051218 ],[0.21705184 0.8179263 ],[0.22923173 0.83073079],
[0.24141162 0.84353529],[0.25359151 0.85633979],[0.26577139 0.86914428],
[0.27795128 0.88194878],[0.29013117 0.89475328],[0.30231106 0.90755778],
[0.31449094 0.92036227],[0.32667083 0.93316677],[0.33885072 0.94597127],
[0.35103061 0.95877577],[0.36321049 0.97158026],[0.37539038 0.98438476],
[0.38757027 0.99718926],[0.39975016 0.00999375],[0.41193004 0.02279825],
[0.42410993 0.03560275],[0.43628982 0.04840725],[0.44846971 0.06121174],
[0.46064959 0.07401624],[0.47282948 0.08682074],[0.48500937 0.09962523],
[0.49718926 0.11242973],[0.50936914 0.12523423],[0.52154903 0.13803873],
[0.53372892 0.15084322],[0.54590881 0.16364772],[0.55808869 0.17645222],
[0.57026858 0.18925671],[0.58244847 0.20206121],[0.59462836 0.21486571],
[0.60680824 0.22767021],[0.61898813 0.2404747 ],[0.63116802 0.2532792 ],
[0.64334791 0.2660837 ],[0.6555278  0.27888819],[0.66770768 0.29169269],
[0.67988757 0.30449719],[0.69206746 0.31730169],[0.70424735 0.33010618],
[0.71642723 0.34291068],[0.72860712 0.35571518],[0.74078701 0.36851968],
[0.7529669  0.38132417],[0.76514678 0.39412867],[0.77732667 0.40693317],
[0.78950656 0.41973766],[0.80168645 0.43254216],[0.81386633 0.44534666],
[0.82604622 0.45815116],[0.83822611 0.47095565],[0.850406   0.48376015],
[0.86258588 0.49656465],[0.87476577 0.50936914],[0.88694566 0.52217364],
[0.89912555 0.53497814],[0.91130543 0.54778264],[0.92348532 0.56058713],
[0.93566521 0.57339163],[0.9478451  0.58619613],[0.96002498 0.59900062],
[0.97220487 0.61180512],[0.98438476 0.62460962],[0.99656465 0.63741412],
[0.00874453 0.65021861],[0.02092442 0.66302311],[0.03310431 0.67582761],
[0.0452842 0.6886321],[0.05746408 0.7014366 ],[0.06964397 0.7142411 ],
[0.08182386 0.7270456 ],[0.09400375 0.73985009],[0.10618364 0.75265459],
[0.11836352 0.76545909],[0.13054341 0.77826359],[0.1427233  0.79106808],
[0.15490319 0.80387258],[0.16708307 0.81667708],[0.17926296 0.82948157],
[0.19144285 0.84228607],[0.20362274 0.85509057],[0.21580262 0.86789507],
[0.22798251 0.88069956],[0.2401624  0.89350406],[0.25234229 0.90630856],
[0.26452217 0.91911305],[0.27670206 0.93191755],[0.28888195 0.94472205],
[0.30106184 0.95752655],[0.31324172 0.97033104],[0.32542161 0.98313554],
[0.3376015  0.99594004],[0.34978139 0.00874453],[0.36196127 0.02154903],
[0.37414116 0.03435353],[0.38632105 0.04715803],[0.39850094 0.05996252],
[0.41068082 0.07276702],[0.42286071 0.08557152],[0.4350406  0.09837601],
[0.44722049 0.11118051],[0.45940037 0.12398501],[0.47158026 0.13678951],
[0.48376015 0.149594  ],[0.49594004 0.1623985 ],[0.50811993 0.175203  ],
[0.52029981 0.1880075 ],[0.5324797  0.20081199],[0.54465959 0.21361649],
[0.55683948 0.22642099],[0.56901936 0.23922548],[0.58119925 0.25202998],
[0.59337914 0.26483448],[0.60555903 0.27763898],[0.61773891 0.29044347],
[0.6299188  0.30324797],[0.64209869 0.31605247],[0.65427858 0.32885696],
[0.66645846 0.34166146],[0.67863835 0.35446596],[0.69081824 0.36727046],
[0.70299813 0.38007495],[0.71517801 0.39287945],[0.7273579  0.40568395],
[0.73953779 0.41848844],[0.75171768 0.43129294],[0.76389756 0.44409744],
[0.77607745 0.45690194],[0.78825734 0.46970643],[0.80043723 0.48251093],
[0.81261711 0.49531543],[0.824797   0.50811993],[0.83697689 0.52092442],
[0.84915678 0.53372892],[0.86133666 0.54653342],[0.87351655 0.55933791],
[0.88569644 0.57214241],[0.89787633 0.58494691],[0.91005621 0.59775141],
[0.9222361 0.6105559],[0.93441599 0.6233604 ],[0.94659588 0.6361649 ],
[0.95877577 0.64896939],[0.97095565 0.66177389],[0.98313554 0.67457839],
[0.99531543 0.68738289],[0.00749532 0.70018738],[0.0196752  0.71299188],
[0.03185509 0.72579638],[0.04403498 0.73860087],[0.05621487 0.75140537],
[0.06839475 0.76420987],[0.08057464 0.77701437],[0.09275453 0.78981886],
[0.10493442 0.80262336],[0.1171143  0.81542786],[0.12929419 0.82823235],
[0.14147408 0.84103685],[0.15365397 0.85384135],[0.16583385 0.86664585],
[0.17801374 0.87945034],[0.19019363 0.89225484],[0.20237352 0.90505934],
[0.2145534  0.91786384],[0.22673329 0.93066833],[0.23891318 0.94347283],
[0.25109307 0.95627733],[0.26327295 0.96908182],[0.27545284 0.98188632],
[0.28763273 0.99469082],[0.29981262 0.00749532],[0.3119925  0.02029981],
[0.32417239 0.03310431],[0.33635228 0.04590881],[0.34853217 0.0587133 ],
[0.36071205 0.0715178 ],[0.37289194 0.0843223 ],[0.38507183 0.0971268 ],
[0.39725172 0.10993129],[0.40943161 0.12273579],[0.42161149 0.13554029],
[0.43379138 0.14834478],[0.44597127 0.16114928],[0.45815116 0.17395378],
[0.47033104 0.18675828],[0.48251093 0.19956277],[0.49469082 0.21236727],
[0.50687071 0.22517177],[0.51905059 0.23797626],[0.53123048 0.25078076],
[0.54341037 0.26358526],[0.55559026 0.27638976],[0.56777014 0.28919425],
[0.57995003 0.30199875],[0.59212992 0.31480325],[0.60430981 0.32760775],
[0.61648969 0.34041224],[0.62866958 0.35321674],[0.64084947 0.36602124],
[0.65302936 0.37882573],[0.66520924 0.39163023],[0.67738913 0.40443473],
[0.68956902 0.41723923],[0.70174891 0.43004372],[0.71392879 0.44284822],
[0.72610868 0.45565272],[0.73828857 0.46845721],[0.75046846 0.48126171],
[0.76264834 0.49406621],[0.77482823 0.50687071],[0.78700812 0.5196752 ],
[0.79918801 0.5324797 ],[0.8113679 0.5452842],[0.82354778 0.55808869],
[0.83572767 0.57089319],[0.84790756 0.58369769],[0.86008745 0.59650219],
[0.87226733 0.60930668],[0.88444722 0.62211118],[0.89662711 0.63491568],
[0.908807   0.64772017],[0.92098688 0.66052467],[0.93316677 0.67332917],
[0.94534666 0.68613367],[0.95752655 0.69893816],[0.96970643 0.71174266],
[0.98188632 0.72454716],[0.99406621 0.73735166],[0.0062461  0.75015615],
[0.01842598 0.76296065],[0.03060587 0.77576515],[0.04278576 0.78856964],
[0.05496565 0.80137414],[0.06714553 0.81417864],[0.07932542 0.82698314],
[0.09150531 0.83978763],[0.1036852  0.85259213],[0.11586508 0.86539663],
[0.12804497 0.87820112],[0.14022486 0.89100562],[0.15240475 0.90381012],
[0.16458463 0.91661462],[0.17676452 0.92941911],[0.18894441 0.94222361],
[0.2011243  0.95502811],[0.21330418 0.9678326 ],[0.22548407 0.9806371 ],
[0.23766396 0.9934416 ],[0.24984385 0.0062461 ],[0.26202374 0.01905059],
[0.27420362 0.03185509],[0.28638351 0.04465959],[0.2985634  0.05746408],
[0.31074329 0.07026858],[0.32292317 0.08307308],[0.33510306 0.09587758],
[0.34728295 0.10868207],[0.35946284 0.12148657],[0.37164272 0.13429107],
[0.38382261 0.14709557],[0.3960025  0.15990006],[0.40818239 0.17270456],
[0.42036227 0.18550906],[0.43254216 0.19831355],[0.44472205 0.21111805],
[0.45690194 0.22392255],[0.46908182 0.23672705],[0.48126171 0.24953154],
[0.4934416  0.26233604],[0.50562149 0.27514054],[0.51780137 0.28794503],
[0.52998126 0.30074953],[0.54216115 0.31355403],[0.55434104 0.32635853],
[0.56652092 0.33916302],[0.57870081 0.35196752],[0.5908807  0.36477202],
[0.60306059 0.37757651],[0.61524047 0.39038101],[0.62742036 0.40318551],
[0.63960025 0.41599001],[0.65178014 0.4287945 ],[0.66396002 0.441599  ],
[0.67613991 0.4544035 ],[0.6883198 0.467208 ],[0.70049969 0.48001249],
[0.71267958 0.49281699],[0.72485946 0.50562149],[0.73703935 0.51842598],
[0.74921924 0.53123048],[0.76139913 0.54403498],[0.77357901 0.55683948],
[0.7857589  0.56964397],[0.79793879 0.58244847],[0.81011868 0.59525297],
[0.82229856 0.60805746],[0.83447845 0.62086196],[0.84665834 0.63366646],
[0.85883823 0.64647096],[0.87101811 0.65927545],[0.883198   0.67207995],
[0.89537789 0.68488445],[0.90755778 0.69768894],[0.91973766 0.71049344],
[0.93191755 0.72329794],[0.94409744 0.73610244],[0.95627733 0.74890693],
[0.96845721 0.76171143],[0.9806371  0.77451593],[0.99281699 0.78732042],
[0.00499688 0.80012492],[0.01717676 0.81292942],[0.02935665 0.82573392],
[0.04153654 0.83853841],[0.05371643 0.85134291],[0.06589631 0.86414741],
[0.0780762  0.87695191],[0.09025609 0.8897564 ],[0.10243598 0.9025609 ],
[0.11461587 0.9153654 ],[0.12679575 0.92816989],[0.13897564 0.94097439],
[0.15115553 0.95377889],[0.16333542 0.96658339],[0.1755153  0.97938788],
[0.18769519 0.99219238],[0.19987508 0.00499688],[0.21205497 0.01780137],
[0.22423485 0.03060587],[0.23641474 0.04341037],[0.24859463 0.05621487],
[0.26077452 0.06901936],[0.2729544  0.08182386],[0.28513429 0.09462836],
[0.29731418 0.10743285],[0.30949407 0.12023735],[0.32167395 0.13304185],
[0.33385384 0.14584635],[0.34603373 0.15865084],[0.35821362 0.17145534],
[0.3703935  0.18425984],[0.38257339 0.19706433],[0.39475328 0.20986883],
[0.40693317 0.22267333],[0.41911305 0.23547783],[0.43129294 0.24828232],
[0.44347283 0.26108682],[0.45565272 0.27389132],[0.4678326  0.28669582],
[0.48001249 0.29950031],[0.49219238 0.31230481],[0.50437227 0.32510931],
[0.51655215 0.3379138 ],[0.52873204 0.3507183 ],[0.54091193 0.3635228 ],
[0.55309182 0.3763273 ],[0.56527171 0.38913179],[0.57745159 0.40193629],
[0.58963148 0.41474079],[0.60181137 0.42754528],[0.61399126 0.44034978],
[0.62617114 0.45315428],[0.63835103 0.46595878],[0.65053092 0.47876327],
[0.66271081 0.49156777],[0.67489069 0.50437227],[0.68707058 0.51717676],
[0.69925047 0.52998126],[0.71143036 0.54278576],[0.72361024 0.55559026],
[0.73579013 0.56839475],[0.74797002 0.58119925],[0.76014991 0.59400375],
[0.77232979 0.60680824],[0.78450968 0.61961274],[0.79668957 0.63241724],
[0.80886946 0.64522174],[0.82104934 0.65802623],[0.83322923 0.67083073],
[0.84540912 0.68363523],[0.85758901 0.69643973],[0.86976889 0.70924422],
[0.88194878 0.72204872],[0.89412867 0.73485322],[0.90630856 0.74765771],
[0.91848844 0.76046221],[0.93066833 0.77326671],[0.94284822 0.78607121],
[0.95502811 0.7988757 ],[0.967208  0.8116802],[0.97938788 0.8244847 ],
[0.99156777 0.83728919],[0.00374766 0.85009369],[0.01592755 0.86289819],
[0.02810743 0.87570269],[0.04028732 0.88850718],[0.05246721 0.90131168],
[0.0646471  0.91411618],[0.07682698 0.92692067],[0.08900687 0.93972517],
[0.10118676 0.95252967],[0.11336665 0.96533417],[0.12554653 0.97813866],
[0.13772642 0.99094316],[0.14990631 0.00374766],[0.1620862  0.01655215],
[0.17426608 0.02935665],[0.18644597 0.04216115],[0.19862586 0.05496565],
[0.21080575 0.06777014],[0.22298563 0.08057464],[0.23516552 0.09337914],
[0.24734541 0.10618364],[0.2595253  0.11898813],[0.27170518 0.13179263],
[0.28388507 0.14459713],[0.29606496 0.15740162],[0.30824485 0.17020612],
[0.32042473 0.18301062],[0.33260462 0.19581512],[0.34478451 0.20861961],
[0.3569644  0.22142411],[0.36914428 0.23422861],[0.38132417 0.2470331 ],
[0.39350406 0.2598376 ],[0.40568395 0.2726421 ],[0.41786384 0.2854466 ],
[0.43004372 0.29825109],[0.44222361 0.31105559],[0.4544035  0.32386009],
[0.46658339 0.33666458],[0.47876327 0.34946908],[0.49094316 0.36227358],
[0.50312305 0.37507808],[0.51530294 0.38788257],[0.52748282 0.40068707],
[0.53966271 0.41349157],[0.5518426  0.42629606],[0.56402249 0.43910056],
[0.57620237 0.45190506],[0.58838226 0.46470956],[0.60056215 0.47751405],
[0.61274204 0.49031855],[0.62492192 0.50312305],[0.63710181 0.51592755],
[0.6492817  0.52873204],[0.66146159 0.54153654],[0.67364147 0.55434104],
[0.68582136 0.56714553],[0.69800125 0.57995003],[0.71018114 0.59275453],
[0.72236102 0.60555903],[0.73454091 0.61836352],[0.7467208  0.63116802],
[0.75890069 0.64397252],[0.77108057 0.65677701],[0.78326046 0.66958151],
[0.79544035 0.68238601],[0.80762024 0.69519051],[0.81980012 0.707995  ],
[0.83198001 0.7207995 ],[0.8441599 0.733604 ],[0.85633979 0.74640849],
[0.86851968 0.75921299],[0.88069956 0.77201749],[0.89287945 0.78482199],
[0.90505934 0.79762648],[0.91723923 0.81043098],[0.92941911 0.82323548],
[0.941599   0.83603998],[0.95377889 0.84884447],[0.96595878 0.86164897],
[0.97813866 0.87445347],[0.99031855 0.88725796],[0.00249844 0.90006246],
[0.01467833 0.91286696],[0.02685821 0.92567146],[0.0390381  0.93847595],
[0.05121799 0.95128045],[0.06339788 0.96408495],[0.07557776 0.97688944],
[0.08775765 0.98969394],[0.09993754 0.00249844],[0.11211743 0.01530294],
[0.12429731 0.02810743],[0.1364772  0.04091193],[0.14865709 0.05371643],
[0.16083698 0.06652092],[0.17301686 0.07932542],[0.18519675 0.09212992],
[0.19737664 0.10493442],[0.20955653 0.11773891],[0.22173641 0.13054341],
[0.2339163  0.14334791],[0.24609619 0.1561524 ],[0.25827608 0.1689569 ],
[0.27045597 0.1817614 ],[0.28263585 0.1945659 ],[0.29481574 0.20737039],
[0.30699563 0.22017489],[0.31917552 0.23297939],[0.3313554  0.24578389],
[0.34353529 0.25858838],[0.35571518 0.27139288],[0.36789507 0.28419738],
[0.38007495 0.29700187],[0.39225484 0.30980637],[0.40443473 0.32261087],
[0.41661462 0.33541537],[0.4287945  0.34821986],[0.44097439 0.36102436],
[0.45315428 0.37382886],[0.46533417 0.38663335],[0.47751405 0.39943785],
[0.48969394 0.41224235],[0.50187383 0.42504685],[0.51405372 0.43785134],
[0.5262336  0.45065584],[0.53841349 0.46346034],[0.55059338 0.47626483],
[0.56277327 0.48906933],[0.57495315 0.50187383],[0.58713304 0.51467833],
[0.59931293 0.52748282],[0.61149282 0.54028732],[0.6236727  0.55309182],
[0.63585259 0.56589631],[0.64803248 0.57870081],[0.66021237 0.59150531],
[0.67239225 0.60430981],[0.68457214 0.6171143 ],[0.69675203 0.6299188 ],
[0.70893192 0.6427233 ],[0.72111181 0.6555278 ],[0.73329169 0.66833229],
[0.74547158 0.68113679],[0.75765147 0.69394129],[0.76983136 0.70674578],
[0.78201124 0.71955028],[0.79419113 0.73235478],[0.80637102 0.74515928],
[0.81855091 0.75796377],[0.83073079 0.77076827],[0.84291068 0.78357277],
[0.85509057 0.79637726],[0.86727046 0.80918176],[0.87945034 0.82198626],
[0.89163023 0.83479076],[0.90381012 0.84759525],[0.91599001 0.86039975],
[0.92816989 0.87320425],[0.94034978 0.88600874],[0.95252967 0.89881324],
[0.96470956 0.91161774],[0.97688944 0.92442224],[0.98906933 0.93722673],
[0.00124922 0.95003123],[0.01342911 0.96283573],[0.02560899 0.97564022],
[0.03778888 0.98844472],[0.04996877 0.00124922],[0.06214866 0.01405372],
[0.07432854 0.02685821],[0.08650843 0.03966271],[0.09868832 0.05246721],
[0.11086821 0.06527171],[0.12304809 0.0780762 ],[0.13522798 0.0908807 ],
[0.14740787 0.1036852 ],[0.15958776 0.11648969],[0.17176765 0.12929419],
[0.18394753 0.14209869],[0.19612742 0.15490319],[0.20830731 0.16770768],
[0.2204872  0.18051218],[0.23266708 0.19331668],[0.24484697 0.20612117],
[0.25702686 0.21892567],[0.26920675 0.23173017],[0.28138663 0.24453467],
[0.29356652 0.25733916],[0.30574641 0.27014366],[0.3179263  0.28294816],
[0.33010618 0.29575265],[0.34228607 0.30855715],[0.35446596 0.32136165],
[0.36664585 0.33416615],[0.37882573 0.34697064],[0.39100562 0.35977514],
[0.40318551 0.37257964],[0.4153654  0.38538413],[0.42754528 0.39818863],
[0.43972517 0.41099313],[0.45190506 0.42379763],[0.46408495 0.43660212],
[0.47626483 0.44940662],[0.48844472 0.46221112],[0.50062461 0.47501562],
[0.5128045  0.48782011],[0.52498438 0.50062461],[0.53716427 0.51342911],
[0.54934416 0.5262336 ],[0.56152405 0.5390381 ],[0.57370394 0.5518426 ],
[0.58588382 0.5646471 ],[0.59806371 0.57745159],[0.6102436  0.59025609],
[0.62242349 0.60306059],[0.63460337 0.61586508],[0.64678326 0.62866958],
[0.65896315 0.64147408],[0.67114304 0.65427858],[0.68332292 0.66708307],
[0.69550281 0.67988757],[0.7076827  0.69269207],[0.71986259 0.70549656],
[0.73204247 0.71830106],[0.74422236 0.73110556],[0.75640225 0.74391006],
[0.76858214 0.75671455],[0.78076202 0.76951905],[0.79294191 0.78232355],
[0.8051218  0.79512804],[0.81730169 0.80793254],[0.82948157 0.82073704],
[0.84166146 0.83354154],[0.85384135 0.84634603],[0.86602124 0.85915053],
[0.87820112 0.87195503],[0.89038101 0.88475953],[0.9025609  0.89756402],
[0.91474079 0.91036852],[0.92692067 0.92317302],[0.93910056 0.93597751],
[0.95128045 0.94878201],[0.96346034 0.96158651],[0.97564022 0.97439101],
[0.98782011 0.9871955 ],
