[-0.34414557  1.22031093],[-0.14952532  0.42072469],[0.64952532 0.90215096],
[0.33702532 1.06751042],[0.3164557  0.03349052],[0.69303797 0.44374943],
[0.59256329 0.68446256],[0.34098101 1.2663604 ],[0.53560127 0.46677416],
[-0.3971519   1.20147251],[0.28401899 1.048672  ],[0.59651899 0.88331254],
[0.26344937 0.0146521 ],[0.64003165 0.42491101],[0.53955696 0.66562414],
[0.28797468 1.24752198],[0.48259494 0.44793574],[0.54351266 0.86447412],
[0.73813291 0.06488789],[0.48655063 0.64678572],[0.05300633 0.01883842],
[0.42958861 0.42909732],[0.23496835 1.22868356],[0.11392405 0.4353768 ],
[0.49050633 0.8456357 ],[0.68512658 0.04604947],[0.37262658 0.21140893],
[0.05696203 0.2176884 ],[0.4335443 0.6279473],[0.33306962 0.86866044],
[0. 0.],[0.18196203 1.20984514],[0.37658228 0.41025891],
[0.06091772 0.41653838],[0.4375     0.82679728],[0.63212025 0.02721105],
[0.31962025 0.19257051],[0.0039557  0.19884998],[0.38053797 0.60910889],
[0.28006329 0.84982202],[0.63607595 0.22606103],[0.32357595 0.39142049],
[0.00791139 0.39769996],[0.38449367 0.80795887],[0.26661392 0.17373209],
[-0.02848101  1.21403146],[-0.04905063  0.18001156],[0.32753165 0.59027047],
[0.22705696 0.8309836 ],[0.27056962 0.37258207],[0.54667722 1.02355411],
[0.94857595 0.06070157],[0.21360759 0.15489367],[-0.08148734  1.19519304],
[0.23101266 1.02983358],[0.27452532 0.57143205],[0.17405063 0.81214518],
[0.21756329 0.35374365],[0.11708861 0.59445678],[0.49367089 1.00471569],
[0.89556962 0.04186315],[0.17800633 1.01099516],[-0.13449367  1.17635462],
[0.64398734 0.62376099],[0.1210443  0.79330676],[0.58702532 0.40607259],
[0.06408228 0.57561836],[0.84256329 0.02302473],[0.125      0.99215674],
[-0.1875     1.1575162],[0.06803797 0.77446834],[-0.24446203  0.9398278 ],
[0.53401899 0.38723417],[0.01107595 0.55677994],[0.78955696 0.00418632],
[0.07199367 0.97331832],[-0.24050633  1.13867778],[-0.04588608  0.33909154],
[0.01503165 0.75562992],[-0.04193038  0.53794152],[0.01898734 0.9544799 ],
[-0.29351266  1.11983936],[-0.09889241  0.32025313],[0.57911392 0.00837263],
[-0.03797468  0.7367915 ],[-0.28955696  1.31868934],[-0.09493671  0.51910311],
[0.89873418 0.20094314],[0.58306962 0.20722261],[-0.34651899  1.10100094],
[-0.03401899  0.93564148],[0.6471519  0.78284097],[-0.09098101  0.71795309],
[-0.34256329  1.29985092],[-0.14794304  0.50026469],[0.84572785 0.18210472],
[0.12816456 1.15123673],[0.53006329 0.18838419],[0.59414557 0.76400255],
[0.16060127 0.13605525],[-0.14398734  0.69911467],[0.84968354 0.3809547 ],
[0.22151899 0.55259363],[-0.39556962  1.2810125 ],[0.59810127 0.96285253],
[0.79272152 0.1632663 ],[0.49762658 1.20356567],[0.16455696 0.33490523],
[0.47705696 0.16954577],[0.54113924 0.74516414],[0.22547468 0.75144361],
[-0.29746835  0.92098938],[0.79667722 0.36211628],[0.16851266 0.53375521],
[0.54509494 0.94401411],[0.73971519 0.14442788],[0.44462025 1.18472725],
[0.42405063 0.15070735],[0.11155063 0.31606681],[0.38765823 0.96703885],
[0.74367089 0.34327786],[0.6431962  0.58399099],[0.11550633 0.51491679],
[0.49208861 0.9251757 ],[0.39161392 1.16588883],[0.3710443  0.13186893],
[0.0585443  0.29722839],[0.3346519  0.94820043],[0.59018987 0.56515257],
[0.0625     0.49607837],[0.43908228 0.90633728],[0.33860759 1.14705041],
[0.53322785 0.34746418],[0.00553797 0.27838997],[-0.39952532  1.08216252],
[0.28164557 0.92936201],[0.53718354 0.54631416],[0.00949367 0.47723995],
[0.28560127 1.12821199],[0.48022152 0.32862576],[0.22863924 0.91052359],
[0.10759494 0.11721683],[0.17167722 0.69283519],[0.48417722 0.52747574],
[0.23259494 1.10937357],[0.42721519 0.30978734],[-0.2903481   1.27891934],
[0.17563291 0.89168517],[0.48813291 0.72632572],[0.05458861 0.09837841],
[0.23655063 1.30822355],[0.43117089 0.50863732],[0.11867089 0.67399677],
[-0.19699367  0.68027625],[0.8971519  0.12140315],[0.17958861 1.09053515],
[0.37420886 0.29094892],[0.31724684 0.07326052],[0.43512658 0.7074873 ],
[0.12262658 0.87284675],[-0.19303797  0.87912623],[0.00158228 0.07953999],
[0.1835443  1.28938513],[0.37816456 0.4897989 ],[0.06566456 0.65515835],
[-0.25        0.66143783],[0.84414557 0.10256473],[0.32120253 0.2721105 ],
[0.12658228 1.07169673],[0.02610759 1.31240987],[0.68670886 0.12558946],
[0.38212025 0.68864888],[0.06962025 0.85400833],[-0.03085443  1.09472147],
[0.74762658 0.54212784],[0.01265823 0.63631994],[0.69066456 0.32443944],
[0.07357595 1.05285831],[-0.02689873  1.29357145],[-0.04746835  0.25955155],
[0.63370253 0.10675104],[0.01661392 0.83516992],[-0.08386076  1.07588305],
[0.69462025 0.52328942],[0.63765823 0.30560102],[0.02056962 1.0340199 ],
[-0.07990506  1.27473303],[0.11471519 0.47514679],[0.5806962  0.08791262],
[-0.03639241  0.8163315 ],[-0.13686709  1.05704463],[0.64161392 0.504451  ],
[0.5846519 0.2867626],[-0.03243671  1.01518148],[-0.13291139  1.25589461],
[0.06170886 0.45630837],[0.52768987 0.0690742 ],[-0.18987342  1.03820621],
[-0.24683544  0.82051781],[0.53164557 0.26792418],[-0.18591772  1.23705619],
[0.00870253 0.43746996],[0.47468354 0.05023578],[-0.24287975  1.01936779],
[-0.29984177  0.80167939],[0.49920886 1.28310566],[0.47863924 0.24908576],
[-0.0443038   0.41863154],[-0.23892405  1.21821777],[0.94936709 0.10047157],
[0.42167722 0.03139737],[-0.29588608  1.00052937],[0.69778481 0.6823694 ],
[-0.0403481   0.61748152],[0.44620253 1.26426724],[0.42563291 0.23024735],
[0.32515823 0.47096048],[-0.29193038  1.19937935],[0.89636076 0.08163315],
[0.36867089 0.01255895],[0.2681962  0.25327208],[-0.34889241  0.98169095],
[-0.44936709  1.22240409],[0.64477848 0.66353099],[0.32911392 0.66981046],
[0.2721519  0.45212206],[-0.34493671  1.18054093],[0.84335443 0.06279473],
[0.64873418 0.86238097],[0.21518987 0.23443366],[0.59177215 0.64469257],
[0.15822785 0.01674526],[0.27610759 0.65097204],[0.84731013 0.26164471],
[0.53481013 0.42700417],[0.21914557 0.43328364],[-0.39794304  1.16170251],
[0.59572785 0.84354255],[0.49525316 1.08425568],[0.16218354 0.21559524],
[0.53876582 0.62585415],[-0.08939873  0.79749308],[0.22310127 0.63213362],
[0.4818038  0.40816575],[0.59968354 1.04239253],[0.16613924 0.41444522],
[0.54272152 0.82470413],[0.44224684 1.06541726],[-0.08544304  0.99634306],
[0.10917722 0.19675682],[0.48575949 0.60701573],[0.17009494 0.6132952 ],
[0.42879747 0.38932733],[0.11313291 0.3956068 ],[0.48971519 0.80586571],
[0.38924051 1.04657884],[0.05617089 0.1779184 ],[-0.13844937  0.97750464],
[0.33227848 0.82889044],[0.79825949 0.44165627],[0.3931962  1.24542882],
[0.06012658 0.37676838],[0.33623418 1.02774042],[-0.1914557   0.95866622],
[0.00316456 0.15907998],[-0.09731013  0.39979312],[0.27927215 0.81005202],
[0.34018987 1.2265904 ],[0.00712025 0.35792996],[-0.09335443  0.5986431 ],
[-0.02927215  1.17426146],[0.28322785 1.008902  ],[-0.04984177  0.14024156],
[0.74920886 0.62166783],[0.22626582 0.7912136 ],[0.28718354 1.20775198],
[0.94778481 0.02093158],[-0.14636076  0.57980468],[0.23022152 0.99006358],
[-0.08227848  1.15542304],[0.69620253 0.60282941],[0.7903481  0.04395631],
[0.17325949 0.77237518],[-0.14240506  0.77865466],[0.11629747 0.55468679],
[0.23417722 1.18891356],[-0.19936709  0.56096626],[0.89477848 0.00209316],
[0.7943038  0.24280629],[0.17721519 0.97122516],[0.73734177 0.02511789],
[0.12025316 0.75353677],[-0.19541139  0.75981624],[0.18117089 1.17007514],
[0.06329114 0.53584837],[0.74129747 0.22396787],[0.12420886 0.95238675],
[0.68433544 0.00627947],[0.06724684 0.73469835],[-0.24841772  0.74097782],
[0.74525316 0.42281785],[-0.18433544  1.31659618],[0.43275316 0.58817731],
[0.68829114 0.20512945],[0.07120253 0.93354833],[0.37579114 0.37048891],
[0.43670886 0.78702729],[-0.08623418  0.95657306],[0.69224684 0.40397943],
[-0.23734177  1.29775776],[0.37974684 0.56933889],[0.63528481 0.18629103],
[0.44066456 0.98587727],[0.32278481 0.35165049],[0.38370253 0.76818887],
[-0.13924051  0.93773464],[0.63924051 0.38514101],[0.32674051 0.55050047],
[0.58227848 0.16745261],[0.26977848 0.33281207],[-0.13528481  1.13658462],
[-0.44778481  1.30194408],[0.3306962  0.74935045],[-0.19224684  0.91889622],
[0.58623418 0.36630259],[0.27373418 0.53166205],[0.54984177 1.18263409],
[0.52927215 0.1486142 ],[-0.18829114  1.1177462 ],[0.27768987 0.73051203],
[-0.24525316  0.9000578 ],[0.74841772 0.58189784],[0.22072785 0.51282363],
[0.49683544 1.16379567],[0.47626582 0.12977578],[-0.24129747  1.09890778],
[0.22468354 0.71167361],[0.31882911 0.15280051],[-0.29825949  0.88121938],
[0.69541139 0.56305942],[0.16772152 0.49398521],[0.44382911 1.14495725],
[0.42325949 0.11093736],[-0.2943038   1.08006936],[0.69936709 0.7619094 ],
[0.38686709 0.92726885],[0.26582278 0.13396209],[0.64240506 0.544221  ],
[0.01424051 0.71585993],[0.39082278 1.12611883],[0.37025316 0.09209894],
[0.07515823 1.13239831],[-0.04272152  0.49817153],[0.64636076 0.74307098],
[0.33386076 0.90843043],[0.21281646 0.11512367],[0.0181962  0.91470991],
[0.58939873 0.52538258],[-0.03876582  0.69702151],[0.33781646 1.10728041],
[0.53243671 0.30769418],[0.21677215 0.31397365],[-0.09572785  0.47933311],
[0.0221519  1.11355989],[0.59335443 0.72423256],[0.28085443 0.88959202],
[-0.03481013  0.89587149],[0.15981013 0.09628525],[0.34177215 1.30613039],
[-0.09177215  0.67818309],[0.59731013 0.92308254],[0.28481013 1.088442  ],
[-0.14873418  0.46049469],[0.16376582 0.29513523],[0.2278481 0.8707536],
[-0.08781646  0.87703307],[0.1068038  0.07744683],[0.28876582 1.28729197],
[-0.14477848  0.65934467],[0.84889241 0.3411847 ],[0.2318038  1.06960358],
[0.13132911 1.31031671],[0.11075949 0.27629681],[0.79193038 0.1234963 ],
[0.17484177 0.85191518],[-0.14082278  0.85819465],[0.05379747 0.05860842],
[0.23575949 1.26845356],[-0.19778481  0.64050625],[0.79588608 0.32234628],
[0.17879747 1.05076516],[0.07832278 1.29147829],[0.05775316 0.25745839],
[0.73892405 0.10465788],[-0.19382911  0.83935623],[0.00079114 0.03977   ],
[0.79984177 0.52119626],[0.74287975 0.30350786],[0.54825949 1.1030941 ],
[0.02531646 1.27263987],[0.00474684 0.23861998],[0.68591772 0.08581946],
[-0.03164557  1.05495147],[0.74683544 0.50235784],[-0.34731013  1.06123095],
[0.22389241 0.67190362],[0.68987342 0.28466944],[-0.02768987  1.25380145],
[-0.04825949  0.21978156],[0.63291139 0.06698105],[-0.34335443  1.26008093],
[-0.0846519   1.03611305],[0.69382911 0.48351942],[0.17088608 0.6530652 ],
[0.63686709 0.26583103],[0.53639241 0.50654416],[-0.0806962   1.23496303],
[0.57990506 0.04814263],[-0.39636076  1.24124251],[-0.13765823  1.01727463],
[0.26424051 0.0544221 ],[0.64082278 0.46468101],[0.5403481  0.70539414],
[0.58386076 0.24699261],[0.48338608 0.48770574],[-0.13370253  1.21612461],
[0.52689873 0.02930421],[0.5443038  0.90424412],[-0.19066456  0.99843621],
[0.21123418 0.03558368],[0.58781646 0.44584259],[0.48734177 0.68655572],
[-0.24762658  0.78074782],[0.53085443 0.22815419],[0.43037975 0.46886732],
[-0.18670886  1.19728619],[0.37341772 0.25117892],[0.49129747 0.8854057 ],
[-0.24367089  0.9795978 ],[0.43433544 0.6677173 ],[0.4778481  0.20931577],
[0.37737342 0.4500289 ],[0.18275316 1.24961514],[0.43829114 0.86656728],
[0.12579114 1.03192674],[0.32041139 0.2323405 ],[0.69699367 0.64259941],
[0.38132911 0.64887888],[0.42484177 0.19047735],[0.12974684 1.23077672],
[0.32436709 0.43119048],[0.38528481 0.84772886],[0.07278481 1.01308832],
[0.26740506 0.21350208],[0.32832278 0.63004046],[0.07674051 1.2119383 ],
[0.27136076 0.41235206],[0.54746835 1.0633241 ],[0.01977848 0.9942499 ],
[0.21439873 0.19466366],[0.27531646 0.61120204],[0.02373418 1.19309988],
[0.21835443 0.39351364],[0.11787975 0.63422678],[0.49446203 1.04448568],
[0.47389241 0.01046579],[0.16139241 0.17582525],[0.22231013 0.59236362],
[0.12183544 0.83307676],[0.49841772 1.24333566],[0.1653481  0.37467523],
[0.06487342 0.61538836],[0.4414557  1.02564726],[0.10838608 0.15698683],
[0.1693038  0.57352521],[0.06882911 0.81423834],[0.44541139 1.22449724],
[0.11234177 0.35583681],[0.01186709 0.59654994],[0.38844937 1.00680885],
[0.05537975 0.13814841],[-0.23971519  1.17844778],[-0.04509494  0.37886154],
[0.33148734 0.78912045],[0.01582278 0.79539992],[-0.29667722  0.96075938],
[0.39240506 1.20565883],[0.05933544 0.33699839],[-0.04113924  0.57771152],
[0.33544304 0.98797043],[0.00237342 0.11930999],[-0.29272152  1.15960936],
[-0.09810127  0.36002312],[0.27848101 0.77028203],[-0.03718354  0.7765615 ],
[-0.34968354  0.94192096],[0.33939873 1.18682041],[0.00632911 0.31815997],
[-0.09414557  0.5588731 ],[0.89952532 0.24071313],[0.28243671 0.96913201],
[-0.03322785  0.97541148],[-0.34572785  1.14077094],[0.64794304 0.82261097],
[-0.09018987  0.75772308],[0.59098101 0.60492257],[-0.1471519   0.54003468],
[0.84651899 0.22187471],[0.1289557  1.19100672],[-0.39873418  1.12193252],
[0.59493671 0.80377255],[-0.1431962   0.73888466],[0.53797468 0.58608415],
[-0.39477848  1.3207825 ],[0.59889241 1.00262253],[0.79351266 0.2030363 ],
[0.07594937 1.1721683 ],[0.54193038 0.78493413],[-0.19620253  0.72004624],
[0.79746835 0.40188628],[0.48496835 0.56724573],[0.54588608 0.98378411],
[0.74050633 0.18419788],[0.02294304 1.15332988],[0.48892405 0.76609571],
[-0.24920886  0.70120782],[0.74446203 0.38304786],[0.43196203 0.54840731],
[0.49287975 0.96494569],[0.6875     0.16535946],[-0.03006329  1.13449146],
[0.37183544 0.17163893],[0.43591772 0.74725729],[-0.08702532  0.91680307],
[0.6914557  0.36420944],[0.63449367 0.14652104],[0.43987342 0.94610727],
[-0.08306962  1.11565304],[0.38291139 0.72841887],[-0.14003165  0.89796465],
[0.63844937 0.34537102],[-0.07911392  1.31450302],[0.01028481 0.51700995],
[0.58148734 0.12768262],[0.28639241 1.16798199],[-0.44857595  1.26217408],
[-0.04667722  0.29932155],[0.48101266 0.36839575],[0.32990506 0.70958045],
[0.58860759 0.48561258],[0.22943038 0.95029359],[0.58544304 0.3265326 ],
[0.17246835 0.73260519],[0.54905063 1.14286409],[0.52848101 0.1088442 ],
[0.23338608 1.14914357],[0.42800633 0.34955733],[-0.09968354  0.28048313],
[0.27689873 0.69074204],[0.17642405 0.93145517],[0.11946203 0.71376677],
[0.4960443  1.12402568],[0.89794304 0.16117314],[0.18037975 1.13030515],
[0.375      0.33071891],[0.12341772 0.91261675],[0.31803797 0.11303051],
[0.3789557  0.52956889],[0.0664557  0.69492835],[0.44303797 1.10518726],
[0.84493671 0.14233472],[0.12737342 1.11146673],[0.32199367 0.31188049],
[0.26503165 0.0941921 ],[0.07041139 0.89377833],[0.44699367 1.30403724],
[0.32594937 0.51073047],[0.01344937 0.67608993],[0.39003165 1.08634884],
[0.26898734 0.29304208],[-0.04351266  0.45840153],[0.07436709 1.09262831],
[0.01740506 0.87493991],[0.21202532 0.07535368],[0.27294304 0.49189206],
[-0.03955696  0.65725151],[-0.09651899  0.43956311],[0.02136076 1.07378989],
[0.21598101 0.27420366],[-0.03560127  0.85610149],[0.15901899 0.05651526],
[-0.13607595  1.09681463],[-0.09256329  0.63841309],[0.21993671 0.47305364],
[0.16297468 0.25536524],[-0.13212025  1.29566461],[-0.08860759  0.83726307],
[0.10601266 0.03767684],[-0.18908228  1.07797621],[0.16693038 0.45421522],
[-0.14556962  0.61957467],[-0.2460443   0.86028781],[0.84810127 0.30141471],
[0.13053797 1.27054671],[0.10996835 0.23652682],[0.79113924 0.08372631],
[-0.18512658  1.27682619],[0.38607595 0.88749886],[0.47547468 0.09000578],
[-0.14161392  0.81842465],[-0.24208861  1.05913779],[-0.19857595  0.60073625],
[0.79509494 0.28257629],[-0.29905063  0.84144939],[0.07753165 1.25170829],
[0.47943038 0.28885576],[-0.23813291  1.25798777],[0.42246835 0.07116736],
[-0.19462025  0.79958623],[0.79905063 0.48142627],[-0.29509494  1.04029937],
[0.69857595 0.7221394 ],[0.74208861 0.26373787],[0.02452532 1.23286988],
[0.42642405 0.27001734],[-0.29113924  1.23914935],[0.36946203 0.05232894],
[-0.34810127  1.02146095],[0.7460443  0.46258785],[0.64556962 0.70330098],
[0.68908228 0.24489945],[0.39398734 1.28519882],
