[0.34061259 4.05174011],[0.82728304 1.35782175],[-0.23142371  5.65578021],
[-0.04282473  1.53162294],[-0.12932501  4.28709588],[0.08082813 3.70413774],
[0.204481   5.87665255],[0.35734543 1.59317752],[0.41463415 5.29369441],
[0.56749858 1.01021938],[0.05927396 0.16293861],[0.4809983  3.76569233],
[0.69115145 3.18273419],[0.39307998 1.75249528],[-0.17895632  3.35653537],
[-0.05530346  5.52905018],[0.22121384 3.41808996],[0.43136699 2.83513182],
[-0.07685763  1.98785105],[0.3448667  5.59060476],[0.13329552 1.40489291],
[0.55501985 5.00764662],[0.25694838 3.57740771],[0.53346568 1.46644749],
[0.74361883 0.88348935],[-0.21298922  3.81276348],[-2.83607487e-03  3.22980534e+00],
[0.12081679 5.40232015],[0.27368123 1.11884512],[0.33096994 4.81936201],
[0.48383437 0.53588699],[0.39733409 3.29135993],[0.60748724 2.70840179],
[0.30941577 1.27816288],[-0.13896767  5.05471778],[0.34770278 2.36079942],
[0.2612025  5.11627236],[0.04963131 0.93056051],[0.47135564 4.53331423],
[0.17328417 3.10307531],[0.29693704 5.27559012],[0.44980147 0.99211509],
[0.65995462 0.40915695],[-0.08650028  2.75547294],[0.03715258 4.92798775],
[0.19001702 0.64451273],[0.24730573 4.34502961],[0.40017016 0.06155459],
[0.31366988 2.81702753],[0.52382303 2.23406939],[0.22575156 0.80383048],
[0.64747589 4.4065842 ],[0.34940442 2.97634528],[-0.22263188  4.58038538],
[0.11117413 6.16994204],[-0.0340329   0.45622811],[0.38769144 4.05898183],
[0.08961997 2.62874291],[0.5113443  6.23149663],[0.21327283 4.80125772],
[0.36613727 0.5177827 ],[0.85961429 0.28604778],[0.40187181 0.67710045],
[-0.17016449  2.28114054],[-0.25666478  5.03661349],[-0.04651163  4.45365535],
[0.10635281 0.17018033],[0.16364152 3.87069721],[0.23000567 2.34269513],
[0.28729438 6.04321201],[0.44015882 1.75973699],[0.14208735 0.32949808],
[0.56381168 3.9322518 ],[0.26574022 2.50201288],[-0.30629609  4.10605298],
[-0.18264322  6.27856779],[0.02750993 5.69560965],[-0.20419739  2.73736865],
[0.21752694 6.34012237],[0.00595576 2.15441051],[0.42768009 5.75716423],
[0.12960862 4.32692532],[0.28247306 0.0434503 ],[0.3182076  0.20276805],
[-0.44242768  5.93096542],[-0.34032898  4.56228109],[-0.13017584  3.97932295],
[-0.00652297  6.15183775],[0.14634146 1.86836273],[0.20363018 5.56887962],
[0.35649461 1.28540459],[0.26999433 4.04087754],[0.48014748 3.4579194 ],
[0.18207601 2.02768048],[-0.26630743  5.80423539],[-0.07770845  1.68007812],
[0.34401588 5.28283183],[0.04594441 3.85259292],[0.32246171 1.7416327 ],
[0.81593874 1.50989779],[0.91803744 0.14121346],[-0.21384005  3.50499055],
[-0.09018718  5.67750536],[0.06267725 1.39403033],[0.11996597 5.09454722],
[0.2728304  0.81107219],[0.18633012 3.56654514],[0.39648327 2.983587  ],
[0.0984118  1.55334809],[0.52013613 5.1561018 ],[0.67980715 3.33481023],
[0.50538854 4.07708612],[-0.34997164  5.32990299],[-0.0377198   3.37826052],
[0.08593307 5.55077533],[0.2387975 1.2673003],[0.5794101  5.31904041],
[0.73227453 1.03556539],[-0.17385139  5.20317296],[0.03630176 4.62021482],
[0.18916619 0.33673979],[0.10266591 3.09221274],[0.31281906 2.5092546 ],
[0.01474759 1.07901569],[0.43647192 4.6817694 ],[0.59614294 2.86047783],
[0.13840045 3.25153049],[0.42172433 3.60275372],[0.63187748 3.01979558],
[0.5453772  5.77526852],[0.90839478 0.90883536],[-0.121384    2.90392812],
[2.26885990e-03 5.07644293e+00],[0.1551333 0.7929679],[0.49574589 4.84470801],
[0.64861032 0.56123299],[0.19086784 0.95228566],[0.77226319 2.7337478 ],
[-0.2575156   4.72884056],[-0.04736245  4.14588242],[0.07629041 6.31839722],
[0.22915485 2.0349222 ],[0.35280771 4.207437  ],[0.05473625 2.77719809],
[0.47646058 6.37995181],[0.63613159 4.55866023],[0.33806012 3.12842132],
[0.54821327 2.54546318],[0.46171299 5.30093612],[0.82473057 0.43450296],
[-0.18349404  5.97079485],[-0.08139535  4.60211053],[0.07146909 0.3186355 ],
[0.41208168 4.37037562],[0.10720363 0.47795326],[0.68859898 2.2594154 ],
[0.39052751 0.82917648],[-0.13102666  3.67155002],[-0.00737379  5.84406482],
[0.26914351 3.73310461],[-0.02892796  2.30286569],[0.39279637 5.90561941],
[0.55246739 4.08432783],[0.25439592 2.65408892],[0.46454906 2.07113078],
[0.37804878 4.82660372],[0.58820193 4.24364558],[-0.16505956  4.12777813],
[0.41633579 5.90924027],[0.11145774 2.01681791],[0.02353942 0.00362086],
[0.45207033 6.06855802],[0.60493477 1.785083  ],[0.3068633  0.35484408],
[0.70703347 0.41639867],[-0.30119115  5.95269056],[-0.091038    5.36973243],
[0.1854793  3.25877221],[-0.11259217  1.82853329],[0.30913216 5.43128701],
[0.46880318 3.60999543],[0.29438457 4.35227133],[0.50453772 3.76931319],
[0.78105502 1.65835297],[-0.24872377  3.65344573],[0.33267158 5.43490787],
[0.02779353 1.54248551],[-0.1250709   5.82596053],[0.36840613 5.59422562],
[0.52127056 1.3107506 ],[0.64492343 3.4832654 ],[0.34685196 2.05302649],
[-0.38485536  5.47835817],[-0.17470221  4.89540003],[0.22546795 4.95695461],
[0.38513897 3.13566303],[-0.07260352  3.5267157 ],[0.50879183 5.30817784],
[0.21072036 3.87793893],[0.42087351 3.29498079],[0.33437323 6.05045373],
[0.54452638 5.46749559],[0.69739081 1.18402057],[-0.20873511  5.35162814],
[-0.05587067  1.06815311],[0.28474192 5.11989322],[0.43760635 0.8364182 ],
[-0.02013613  1.22747086],[0.56125922 3.008933  ],[0.26318775 1.57869409],
[0.4733409  0.99573595],[0.38684061 3.7512089 ],[0.87351106 1.05729054],
[-0.25836642  4.42106763],[-0.15626773  3.0523833 ],[0.42512762 4.83384544],
[0.12705615 3.40360653],[0.3372093  2.82064839],[0.25070902 5.57612133],
[0.46086217 4.99316319],[0.6137266  0.70968817],[0.73737947 2.88220297],
[-0.39449801  6.24598006],[-0.29239932  4.87729574],[0.20107771 4.64556082],
[0.47759501 2.53460061],[0.17952354 1.10436169],[0.60124787 4.70711541],
[0.38967669 0.52140355],[0.3031764 3.2768765],[0.51332955 2.69391836],
[0.78984685 0.58295814],[-0.21837777  6.11925003],[0.1817924  6.18080462],
[0.34146341 4.35951304],[0.04339195 2.92927413],[0.25354509 2.34631599],
[0.16704481 5.10178893],[0.37719796 4.51883079],[0.53006239 0.23535577],
[0.65371526 2.40787058],[0.24106636 6.34374323],[0.3939308  2.06026821],
[0.09585933 0.63002929],[0.51758366 4.23278301],[0.30601248 0.04707115],
[0.2195122 2.8025441],[0.42966534 2.21958596],[0.70618264 0.10862574],
[-0.30204197  5.64491763],[0.25779921 3.88518064],[-0.04027226  2.45494173],
[0.38145207 6.05769545],[0.0833806  4.62745653],[0.29353375 4.04449839],
[0.41718661 6.2170132 ],[0.57005105 1.93353818],[0.7802042  1.35058004],
[0.27197958 0.50329926],[-0.33607487  6.10114574],[0.15740216 5.86941083],
[0.31026659 1.58593581],[0.01219512 0.15569689],[0.43391946 3.75845061],
[0.13584799 2.3282117 ],[0.34600113 1.74525356],[0.25950085 4.5007265 ],
[0.41236529 0.21725148],[0.469654   3.91776836],[0.7461713  1.80680815],
[-0.38570618  5.17058523],[0.174135   3.41084824],[-0.28360749  3.80190091],
[-0.12393647  1.98060933],[0.29778786 5.58336305],[-2.83607487e-04  4.15312413e+00],
[0.20986954 3.570166  ],[0.12336926 6.32563894],[0.3335224 5.7426808],
[0.48638684 1.45920578],[0.54367555 5.15972266],[0.18831537 0.02896686],
[0.61003971 3.63172058],[-0.41973908  5.62681334],[0.07373795 5.39507843],
[0.22660238 1.11160341],[0.35025525 3.28411821],[0.05218378 1.8538793 ],
[0.47390811 5.45663302],[0.26233693 1.27092116],[0.17583664 4.0263941 ],
[0.38598979 3.44343597],[0.50964265 5.61595077],[0.66250709 1.33247575],
[0.21412365 5.10903065],[-0.08394782  3.67879174],[0.12620533 3.0958336 ],
[0.03970505 5.85130654],[0.2498582 5.2683484],[0.40272263 0.98487338],
[0.5263755  3.15738818],[0.73652864 2.57443004],[0.22830403 1.72714927],
[-0.00992626  4.92074603],[0.26659104 2.80978581],[-0.03148043  1.3795469 ],
[0.3902439  4.98230062],[0.17867272 0.79658876],[0.60039705 4.39934248],
[0.09217243 3.55206171],[0.30232558 2.96910357],[0.42597845 5.14161837],
[0.57884288 0.85814335],[0.70249575 3.03065815],[0.13045944 4.63469825],
[-0.16761202  3.20445934],[0.04254112 2.6215012 ],[0.46426546 6.22425492],
[-0.04395916  5.37697414],[0.16619399 4.794016  ],[0.31905842 0.51054098],
[0.44271129 2.68305578],[0.65286444 2.10009764],[0.14463982 1.25281687],
[0.56636415 4.85557059],[0.35479297 0.66985873],[0.75496313 0.73141332],
[0.18292683 2.33545341],[0.30657969 4.50796822],[0.09500851 0.32225636],
[0.51673284 3.92501008],[0.00850822 3.07772931],[0.21866137 2.49477117],
[0.34231424 4.66728597],[0.49517867 0.38381095],[0.61883154 2.55632575],
[0.1704481  6.33288066],[0.38060125 5.74992252],[-0.12762337  4.90264174],
[0.08252978 4.3196836 ],[0.23539421 0.03620858],[0.14889393 2.79168152],
[0.35904708 2.20872338],[0.56920023 1.62576525],[0.06097561 0.77848447],
[0.48269994 4.38123819],[0.27112876 0.19552633],[0.69285309 3.79828005],
[0.39478162 2.36804114],[0.67129892 0.25708092],[-0.05360182  6.14459604],
[0.09926262 1.86112102],[0.22291548 4.03363582],[0.43306863 3.45067768],
[-0.07515598  2.60339691],[0.34656835 6.20615063],[0.13499716 2.02043877],
[0.5567215  5.62319249],[0.20136132 0.49243669],[0.25865003 4.19295357],
[0.38230289 6.36546838],[0.53516733 2.08199335],[-0.21128758  4.42830934],
[-1.13442995e-03  3.84535120e+00],[0.06522972 2.31734912],[0.12251843 6.01786601],
[0.27538287 1.73439099],[0.48553602 1.15143285],[-0.0226886   0.30415207],
[0.39903573 3.90690579],[0.60918888 3.32394765],[0.10096427 2.47666688],
[0.31111741 1.89370874],[-0.13726602  5.67026364],[0.01559841 1.38678862],
[0.13925128 3.55930342],[-0.15882019  2.12906451],[0.26290414 5.73181823],
[0.05133296 1.54610637],[0.47305729 5.14886009],[-0.03516733  4.30157931],
[0.11769711 0.01810429],[0.17498582 3.71862117],[0.29863868 5.89113598],
[0.45150312 1.60766096],[-0.29495179  3.95397694],[-0.08479864  3.37101881],
[-0.17129892  6.12649175],[-0.01843449  1.84301673],[0.03885423 5.54353361],
[0.19171866 1.26005859],[0.31537153 3.43257339],[0.52552467 2.84961525],
[0.01730006 2.00233448],[0.43902439 5.6050882 ],[0.2274532  1.41937634],
[0.35110607 3.59189114],[-0.22093023  5.19593124],[0.05558707 3.08497102],
[0.17923993 5.25748583],[-0.03233125  1.07177397],[0.38939308 4.67452769],
[-0.11883154  3.82724691],[0.09132161 3.24428877],[0.21497448 5.41680358],
[0.36783891 1.13332856],[0.49149178 3.30584336],[-0.16846285  2.89668641],
[-0.25496313  5.65215935],[-0.04480998  5.06920121],[0.10805445 0.78572619],
[0.23170732 2.95824099],[0.44186047 2.37528285],[-0.06636415  1.52800208],
[0.35536018 5.1307558 ],[0.143789   0.94504394],[0.56551333 4.54779766],
[0.26744186 3.11755874],[0.54395916 1.00659853],[-0.02807714  2.61063862],
[0.09557572 4.78315343],[0.30572887 4.20019529],[-0.20249575  3.35291452],
[0.0076574  2.76995638],[0.42938174 6.37271009],[0.13131027 4.94247118],
[0.2841747  0.65899616],[0.40782757 2.83151096],[-0.33862734  5.17782695],
[-0.12847419  4.59486881],[0.02439024 0.31139379],[-0.06211004  3.06686673],
[0.14804311 2.48390859],[0.35819626 1.90095045],[0.27169597 4.6564234 ],
[0.06012479 0.47071154],[0.48184912 4.07346526],[0.18377765 2.64322635],
[0.30743052 4.81574115],[0.46029495 0.53226613],[0.95377198 0.30053121],
[0.01191151 4.30882103],[0.22206466 3.72586289],[-0.07600681  2.29562398],
[0.34571753 5.89837769],[-0.00964265  0.7676219 ],[0.04764606 4.46813878],
[0.20051049 0.18466376],[0.32416336 2.35717856],[0.23624504 0.34398151],
[0.81764039 2.12544365],[0.91973908 0.75675932],[-0.2121384   4.12053641],
[-0.14577425  2.59253433],[-0.08848554  6.29305122],[0.0643789  2.00957619],
[0.27453205 1.42661805],[0.18803176 4.182091  ],[0.39818491 3.59913286],
[0.10011344 2.16889395],[0.52183778 5.77164766],[0.22376631 4.34140875],
[0.37663074 0.05793373],[0.78360749 2.58167176],[-0.34826999  5.94544885],
[0.05190017 6.00700343],[0.26205332 5.4240453 ],[-0.2461713   4.57676452],
[-0.03601815  3.99380638],[0.08763471 6.16632119],[0.24049915 1.88284616],
[0.83607487 0.28242692],[-0.17214974  5.81871882],[-0.01928531  1.5352438 ],
[0.10436756 3.7077586 ],[0.3145207  3.12480046],[0.22802042 5.8802734 ],
[0.01644923 1.69456155],[0.43817357 5.29731527],[0.1401021  3.86707635],
[0.29977311 2.04578477],[0.69994328 2.10733936],[-0.03176404  5.53267104],
[0.17838911 4.9497129 ],[-0.11968236  3.51947398],[3.97050482e-03 5.69198879e+00],
[0.15683494 1.40851376],[0.2804878  3.58102857],[0.19256948 1.56783152],
[-0.25581395  5.34438642],[0.02070335 3.2334262 ],[0.23085649 2.65046806],
[0.14435621 5.40594101],[-0.06721497  1.22022915],[0.35450936 4.82298287],
[0.05643789 3.39274395],[0.21610891 1.57145238],[0.33295519 1.28178373],
[0.61627907 1.63300696],[0.82643222 1.05004882],[0.0947249 4.4753805],
[-0.20334657  3.04514158],[-0.0796937   5.21765639],[0.07317073 0.93418137],
[0.1968236  3.10669617],[0.10890528 1.09349912],[0.69030062 2.87496126],
[0.79239932 1.50627693],[-0.33947816  4.87005402],[-0.06296086  2.7590938 ],
[0.14719229 2.17613566],[0.060692   4.93160861],[0.27084515 4.34865047],
[-0.02722632  2.91841155],[0.55416903 4.69987369],[0.24929098 0.80745134],
[0.09642655 5.09092636],[0.25609756 3.26963478],[0.53261486 1.15867456],
[0.74276801 0.57571642],[0.65626773 3.33118937],[0.13471356 6.1735629 ],
[-0.16335791  4.74332399],[-0.01049348  0.45984897],[0.11315939 2.63236377],
[0.02524107 0.61916672],[0.60663642 2.40062886],[0.70873511 1.03194453],
[0.91888826 0.44898639],[-0.14662507  2.2847614 ],[0.06352808 1.70180326],
[-0.02297221  4.45727621],[0.18718094 3.87431807],[-0.11089053  2.44407916],
[0.01276234 4.61659396],[0.16562677 0.33311894],[0.17243335 2.79530238],
[0.29608622 4.96781719],[0.44895065 0.68434216],[0.6591038  0.10138402],
[0.57260352 2.85685697],[0.78275666 2.27389883],[-0.24702212  4.26899159],
[0.02949518 2.15803137],[0.37010777 6.20977148],[0.64662507 4.09881126],
[0.6250709  0.55761213],[-0.38315372  6.09390403],[-0.10663642  3.98294381],
[0.10351673 3.39998567],[-0.07090187  4.14226156],[0.08876914 2.32096998],
[0.51049348 5.9237237 ],[0.21242201 4.49348479],[0.36528644 0.21000976],
[0.42257516 3.91052665],[0.48893931 2.38252457],[0.69909246 1.79956643],
[0.61259217 4.55503937],[-0.20703347  5.967174  ],[-0.05416903  1.68369897],
[0.14123653 0.02172515],[0.56296086 3.62447887],[0.54140669 0.08327973],
[0.66505956 2.25579454],[0.01985252 2.92565327],[-0.06664776  5.68112621],
[-0.15456608  3.66792916],[0.00510493 1.84663758],[0.42682927 5.4493913 ],
[0.12195122 1.55696894],[0.1287578  4.01915239],[0.25241066 6.19166719],
[0.4052751  1.90819217],[0.61542825 1.32523403],[0.52892796 4.08070697],
[-0.29069767  5.4928416 ],[-0.01418037  3.38188138],[-0.1020987   1.36868433],
[0.47929665 3.15014647],[0.18122518 1.71990755],[0.58139535 1.78146214],
[0.7915485 1.198504 ],[-0.15031197  5.20679381],[-0.23823029  3.19359676],
[-0.07855927  1.37230518],[0.34316506 4.9750589 ],[0.03828701 1.08263654],
[-0.11457742  5.36611157],[0.04509359 3.54481999],[0.16874645 5.71733479],
[0.32161089 1.43385977],[0.3788996  5.13437665],[0.53176404 0.85090163],
[0.44526375 3.60637458],[0.6554169  3.02341644],[-0.37436188  5.0185092 ],
[-0.09784458  2.90754898],[0.39563244 2.67581407],[0.09756098 1.24557515],
[0.51928531 4.84832887],[0.49773114 1.30712974],[0.70788429 0.7241716 ],
[-0.02382303  4.14950328],[-0.19824163  4.89177917],[-0.0453772   0.60830415],
[-0.03857062  3.07048759],[0.08508225 5.2430024 ],[0.23794668 0.95952737],
[0.29523539 4.66004426],[0.44809983 0.37656923],[0.36159955 3.13204218],
[0.57175269 2.54908404],[0.88400454 0.59744157],[-0.18150879  2.43321658],
[0.01389677 0.77124276],[0.4356211  4.37399647],[0.13754963 2.94375756],
[0.41406693 0.83279734],[0.62422008 0.2498392 ],[0.74787294 2.42235401],
[-0.28190584  4.41744677],[-0.12223483  2.59615519],[0.29948951 6.19890891],
[1.41803744e-03 4.76867000e+00],[0.15428247 0.48519497],[0.21157119 4.18571186],
[0.27793534 2.65770978],[0.33522405 6.35822666],[0.48808849 2.07475164],
[0.61174135 4.24726644],[0.80034033 0.12310917],[-0.41803744  6.24235921],
[0.35195689 3.89966407],[0.05388542 2.46942516],[0.47560976 6.07217888],
[0.26403857 1.88646702],[0.17753829 4.64193997],[0.33040272 0.35846494],
[0.66420874 1.94802161],[0.2158253  5.72457651],[-0.08224617  4.2943376 ],
[0.07061826 0.01086257],[0.19427113 2.18337738],[0.25155984 5.88389426],
[0.40442428 1.60041924],[0.31792399 4.35589218],[0.52807714 3.77293404],
[0.73823029 3.1899759 ],[0.84032898 1.82129158],[-0.22518434  3.65706659],
[0.26829268 3.42533168],[-0.02977879  1.99509276],[0.39194555 5.59784648],
[0.09387408 4.16760757],[0.30402723 3.58464943],[0.37039138 2.05664735],
[0.58054453 1.47368921],[0.70419739 3.64620401],[0.13216109 5.25024411],
[-0.3255814   5.64129678],[-0.16591038  3.8200052 ],[-0.04225752  5.99252   ],
[0.11060692 1.70904498],[0.16789563 5.40956186],[0.32076007 1.12608684],
[0.23425978 3.88155978],[0.44441293 3.29860164],[0.5680658  5.47111645],
[0.75666478 1.34695918],[0.18462847 2.95099928],[-0.11344299  1.52076036],
[0.30828134 5.12351408],[0.01020987 3.69327517],[0.22036302 3.11031703],
[0.13386273 5.86578997],[0.28672717 1.58231495],[0.49688032 0.99935681],
[0.62053318 3.17187161],[0.89705048 1.0609114 ],[0.04849688 4.77591171],
[-0.24957459  3.3456728 ],[-0.12592172  5.5181876 ],[0.02694271 1.23471258],
[0.08423142 4.93522946],[0.23709586 0.65175444],[0.15059558 3.40722739],
[0.36074872 2.82426925],[0.48440159 4.99678405],[0.67300057 0.87262678],
[0.22461713 4.64918168],[-0.07345434  3.21894277],[0.13669881 2.63598463],
[0.05019853 5.39145757],[0.20306296 1.10798255],[0.26035167 4.80849943],
[0.41321611 0.52502441],[0.53686897 2.69753922],[-0.20958593  5.0438552 ],
[-0.0567215   0.76038018],[5.67214974e-04 4.46089707e+00],[0.06693137 2.93289499],
[0.27708452 2.34993685],[-0.02098695  0.91969793],[0.40073738 4.52245165],
[0.58933636 0.39829438],[0.71298922 2.57080919],[0.87266024 0.74951761],
[0.14095292 4.17484928],[-0.15711855  2.74461037],[0.26460579 6.34736409],
[0.0530346  2.16165223],[0.47475893 5.76440595],[-0.03346568  4.91712517],
[0.11939875 0.63365015],[0.17668746 4.33416704],[0.3295519  0.05069201],
[0.45320476 2.22320682],[0.57685763 4.39572162],[0.76545661 0.27156435],
[4.82132728e-03 5.99976172e+00],[-0.29325014  4.56952281],[-0.01673284  2.45856259],
[0.04055587 6.15907947],[0.19342031 1.87560445],[0.10692002 4.63107739],
[0.31707317 4.04811925],[0.0190017  2.61788034],[0.44072604 6.22063406],
[0.62932501 2.09647679],[0.78899603 0.27518521],[0.05728871 3.70051688],
[0.18094158 5.87303169],[0.39109472 5.29007355],[-0.11712989  4.44279278],
[0.03573454 0.15931775],[0.09302326 3.85983464],[0.15938741 2.33183256],
[0.21667612 6.03234944],[0.36954056 1.74887442],[0.49319342 3.92138922],
[0.96511628 0.14845518],[-0.07884288  5.52542932],[-0.25326149  6.26770521],
[-0.10039705  1.98423019],[-0.04310834  5.68474707],[0.1097561  1.40127205],
[0.02325581 4.15674499],[0.23340896 3.57378685],[-0.06466251  2.14354794],
[0.35706183 5.74630166],[0.14549064 1.5605898 ],[0.21185479 0.03258772],
[0.54566081 1.62214439],[0.82898469 1.97336761],[-0.0263755   3.22618448],
[0.09727737 5.39869929],[-0.2007941   3.96846038],[0.00935905 3.38550224],
[-0.07714124  6.14097518],[0.0757232  1.85750016],[0.13301191 5.55801704],
[0.28587635 1.27454202],[0.40952921 3.44705682],[-0.33692569  5.79337281],
[-0.12677255  5.21041467],[0.02609189 0.92693965],[-0.06040839  3.68241259],
[0.14974475 3.09945445],[0.27339762 5.27196926],[0.06182643 1.0862574 ],
[-0.02467385  3.84173035],[0.4619966  1.14781199],[0.74532048 1.49903522],
[-0.11003971  2.75185209],[0.01361316 4.92436689],[-0.07430516  2.91116984],
[-0.16080545  5.66664278],[-0.00794101  1.38316776],[0.0493477  5.08368464],
[0.20221214 0.80020962],[0.325865   2.97272442],[0.44951787 5.14523923],
[-0.21043676  4.73608227],[-0.1440726   3.20808019],[0.06608054 2.62512206],
[0.18973341 4.79763686],[-0.02183778  0.611925  ],[-0.10833806  3.36739795],
[0.10181509 2.78443981],[0.37833239 0.67347959],[0.50198525 2.84599439],
[0.66165627 1.02470282],[-0.07005105  4.45003449],[-0.15796937  2.43683744],
[0.26375496 6.03959116],[-0.24446965  5.19231038],[-0.03431651  4.60935224],
[0.11854793 0.32587722],[0.24220079 2.49839203],[0.36585366 4.67090683],
[0.55445264 0.54674956],[0.83777652 0.89797279],[-0.01758366  2.15078966],
[-0.10408395  4.9062626 ],[0.1060692  4.32330446],[-0.19200227  2.89306555],
[0.01815088 2.31010741],[0.14180374 4.48262221],[0.29466818 0.19914719],
[0.41832104 2.37166199],[0.57799206 0.55037042],[0.70164492 2.72288522],
[-0.15371526  3.97570209],[-0.03006239  6.1482169 ],[0.18009075 5.56525876],
[-0.32813386  4.71797798],[-0.11798071  4.13501984],[-0.05161656  2.60701777],
[5.67214974e-03 6.30753465e+00],[0.15853659 2.02405963],[0.28218945 4.19657443],
[0.47078843 0.07241716],[0.75411231 0.42364039],[-0.25411231  5.95993228],
[-0.10124787  1.67645726],[-0.18774816  4.4319302 ],[0.02240499 3.84897206],
[0.14605786 6.02148687],[-0.06551333  1.83577501],[0.00085082 0.30777293],
[0.05813953 4.00828981],[0.33465683 1.8973296 ],[0.49432785 0.07603802],
[0.61798071 2.24855282],[0.82813386 1.66559468],[0.89449801 0.1375926 ],
[0.93023256 0.29691036],[-0.23737947  3.50136969],[-0.32387975  6.25684264],
[-0.1137266  5.6738845],[-0.20164492  3.66068745],[-0.13528077  2.13268537],
[-0.07799206  5.83320225],[0.07487238 1.54972723],[0.19852524 3.72224203],
[0.20533182 6.18442548],[0.79410096 2.12182279],[-0.33777652  5.48559988],
[-0.27141237  3.9575978 ],[-0.06125922  3.37463966],[0.06239365 5.54715447],
[-0.23567782  4.11691555],[-0.02552467  3.53395742],[0.09812819 5.70647222],
[0.25099263 1.4229972 ],[0.53431651 1.77422042],[0.65796937 3.94673523],
[-0.19739081  5.1995521 ],[-0.37180942  5.94182799],[-0.16165627  5.35886985],
[-0.00879183  1.07539483],[0.11486103 3.24790963],[0.12166761 5.71009308],
[0.2385139  5.42042444],[0.71043676 1.64749039],[-0.14492343  2.90030726],
[-0.02127056  5.07282207],[-0.10918888  3.05962502],[0.01446398 5.23213982],
[0.16732842 0.9486648 ],[0.29098128 3.1211796 ],[0.4506523  1.29988802],
[0.57430516 3.47240283],[0.85082246 1.36144261],[0.05275099 6.31477637],
[-0.24532048  4.88453745],[0.03119682 2.77357723],[0.0380034  5.23576068],
[0.15484969 4.94609204],[0.62677255 1.17315799],[0.83692569 0.59019986],
[-0.31508792  5.18144781],[-0.10493477  4.59848967],[-0.19285309  2.58529262],
[-0.06920023  4.75780742],[0.08366421 0.4743324 ],[0.20731707 2.6468472 ],
[0.36698809 0.82555563],[0.49064095 2.99807043],[0.7007941  2.41511229],
[0.76715825 0.88711021],[0.8028928  1.04642796],[-0.03091322  5.84044397],
[-0.32898469  4.41020505],[-0.05246739  2.29924483],[0.07118548 4.47175964],
[0.56466251 4.24002473],[0.54310834 0.6988256 ],[0.75326149 0.11586746],
[0.6667612 2.8713404],[-0.46511628  6.23511749],[-0.18859898  4.12415727],
[-0.06494611  6.29667208],[-0.15286444  4.28347502],[0. 0.],
[0.12365286 2.1725148 ],[0.28332388 0.35122323],[0.40697674 2.52373803],
[0.61712989 1.94077989],[0.53062961 4.69625284],[0.68349404 0.41277781],
[0.71922859 0.57209557],[-0.28899603  6.10838746],[-0.13613159  1.82491244],
[-0.01247873  3.99742724],[0.45944413 0.2244932 ],[0.58309699 2.397008  ],
[0.79325014 1.81404986],[-0.27226319  3.64982487],[-0.14861032  5.82233968],
[-0.23652864  3.80914262],[-0.11287578  5.98165743],[0.03998866 1.69818241],
[0.04679524 4.16036585],[0.32331254 2.04940563],[0.4469654  4.22192044],
[0.65711855 3.6389623 ],[0.7234827  2.11096022],[0.63556438 0.09776317],
[-0.37266024  5.63405506],[-0.09614294  3.52309484],[-0.08933636  5.98527829],
[0.31083381 6.04683287],[0.52098695 5.46387473],[0.49943279 1.9226756 ],
[0.70958593 1.33971746],[0.62308565 4.09519041],[-0.23227453  5.34800728],
[-0.19653999  5.50732503],[-0.04367555  1.22385001],[-0.03686897  3.68603345],
[0.07997731 3.39636481],[0.08678389 5.85854826],[0.23964833 1.57507323],
[0.36330119 3.74758804],[0.57345434 3.1646299 ],[0.48695406 5.92010284],
[0.84997164 1.05366968],[0.67555303 1.79594557],[0.88570618 1.21298743],
[-0.17980715  3.04876244],[-0.17300057  5.51094589],[-0.05615428  5.22127725],
[0.2271696  5.57250047],[0.43732275 4.98954233],[0.41576858 1.4483432 ],
[0.62592172 0.86538506],[0.53942144 3.62085801],[0.74957459 3.03789987],
[-0.31593874  4.87367488],[-0.2802042   5.03299263],[-0.12053318  3.21170105],
[-0.0036869   2.92203241],[3.11968236e-03 5.38421586e+00],[0.15598412 1.10074083],
[0.27963698 3.27325564],[0.48979013 2.6902975 ],[0.40328985 5.44577044],
[0.61344299 4.8628123 ],[0.59188883 1.32161317],[0.80204197 0.73865503],
[-0.13981849  4.74694485],[0.14350539 5.09816807],[-0.0680658   0.91245622],
[0.35365854 4.51520994],[0.33210437 0.9740108 ],[0.54225752 0.39105266],
[0.45575723 3.14652561],[0.66591038 2.56356747],[0.94242768 0.45260725],
[-0.08735111  2.44770001],[-0.08054453  4.90988346],[0.07231991 0.62640844],
[0.19597277 2.79892324],[0.40612592 2.2159651 ],[0.31962564 4.97143804],
[0.52977879 4.38847991],[0.80629609 2.27751969],[0.50822462 0.84728077],
[0.71837777 0.26432263],[-0.2234827   4.27261245],[0.05984118 4.62383568],
[0.39364719 6.21339234],[0.24844016 0.49967841],[0.37209302 2.67219321],
[0.58224617 2.08923507],[-0.35961429  6.09752488],[-0.16420874  4.43555106],
[-0.0113443   0.15207604],[0.11230856 2.32459084],[0.16959728 6.02510772],
[0.23596143 4.49710565],[0.44611458 3.91414751],[0.42456041 0.37294837],
[0.75836642 1.96250504],[-0.30034033  6.2604635 ],[0.09982984 6.32201808],
[-0.11174135  2.13630622],[0.30998298 5.73905994],[0.16477595 0.02534601],
[0.28842881 2.19786081],[0.49858196 1.61490267],[0.56494611 0.08690059],
[0.62223483 3.78741748],[-0.24787294  3.96121866],[-0.12422008  6.13373346],
[0.02864436 1.85025844],[0.15229722 4.02277325],[0.36245037 3.43981511],
[0.27595009 6.19528805],[0.48610323 5.61232991],[0.67470221 1.48817264],
[-0.38400454  5.7861311 ],[-0.26715825  5.49646246],[0.01616563 5.84768568],
[0.22631877 5.26472754],[-0.07175269  3.83448863],[0.20476461 1.72352841],
[0.41491775 1.14057027],[0.32841747 3.89604322],[0.53857062 3.31308508],
[0.81508792 1.20212486],[-0.21469087  3.19721762],[-0.20788429  5.65940107],
[-0.05501985  1.37592604],[0.06863301 3.54844085],[0.27878616 2.96548271],
[0.19228588 5.72095565],[0.40243902 5.13799751],[0.38088486 1.59679838],
[0.591038   1.01384024],[0.71469087 3.18635505],[0.87436188 1.36506347],
[-0.35082246  5.02213006],[-0.06749858  5.37335328],[0.14265457 4.79039514],
[-0.1554169   3.36015623],[0.1211004  1.24919601],[0.33125355 0.66623787],
[0.24475326 3.42171082],[0.45490641 2.83875268],[0.57855927 5.01126748],
[0.73142371 0.72779246],[-0.2915485   5.18506867],[-0.0150312   3.07410845],
[0.19512195 2.49115031],[0.10862167 5.24662325],[0.31877482 4.66366511],
[0.29722065 1.12246598],[0.50737379 0.53950784],[0.63102666 2.71202265],
[0.79069767 0.89073107],[0.90754396 0.60106243],[-0.15116279  4.89902088],
[0.05899036 4.31606275],[-0.11542825  5.05833864],[0.03743619 0.77486361],
[0.24758934 0.19190547],[0.16108905 2.94737842],[0.3712422  2.36442028],
[0.49489507 4.53693508],[0.6477595  0.25346006],[0.77141237 2.42597487],
[-0.09869541  2.59977605],[-0.04140669  6.30029293],[0.02495746 4.77229085],
[0.23511061 4.18933271],[0.35876347 6.36184752],[0.21355644 0.64813358],
[0.42370959 0.06517544],[0.54736245 2.23769025],[0.82387975 0.12673003],
[-0.234827    4.42468849],[0.09897901 6.01424515],[-0.19909246  4.58400624],
[0.01106069 4.0010481 ],[0.07742484 2.47304602],[0.28757799 1.89008788],
[0.41123086 4.06260268],[0.68774816 1.95164247],[0.88315372 0.28966864],
[-0.05870675  4.29795846],[0.1514464  3.71500032],[0.27509926 5.88751512],
[0.12989223 0.17380118],[0.46369824 1.76335785],[0.58735111 3.93587265],
[0.74702212 2.11458108],[-0.19483834  6.12287089],[0.0153148  5.53991275],
[-0.28275666  4.10967384],[-0.1591038   6.28218864],[-0.00623936  1.99871362],
[0.05104935 5.6992305 ],[0.20391378 1.41575548],[0.1174135  4.17122842],
[0.32756665 3.58827029],[0.45121951 5.76078509],[0.61089053 3.93949351],
[-0.41888826  5.93458627],[-0.14237096  3.82362606],[0.06778219 3.24066792],
[-0.01871809  5.99614086],[0.19143505 5.41318272],[0.16988088 1.87198359],
[0.38003403 1.28902545],[0.5036869  3.46154026],[0.66335791 1.64024868],
[-0.27850255  5.64853849],[-0.0683494   5.06558035],[-0.24276801  5.80785624],
[-0.08990357  1.52438122],[-0.03261486  5.2248981 ],[0.12024957 0.94142308],
[0.03374929 3.69689603],[0.24390244 3.11393789],[0.3675553  5.28645269],
[0.52722632 3.46516111],[0.6440726  3.17549247],[0.83947816 1.51351865],
[-0.22603517  3.34929366],[-0.01588202  2.76633552],[-0.1023823   5.52180846],
[0.10777085 4.93885032],[-0.19030062  3.50861141],[0.08621668 1.39765119],
[0.29636982 0.81469305],[0.42002269 2.98720786],[0.5796937  1.16591628],
[0.69653999 0.87624764],[0.70334657 3.33843108],[-0.36216676  5.17420609],
[-0.15201361  4.59124795],[-0.32643222  5.33352385],[-0.11627907  4.75056571],
[0.03658537 0.46709068],[-0.04991492  3.22256363],[0.16023823 2.63960549],
[0.28389109 4.81212029],[0.44356211 2.99082871],[0.56721497 5.16334352],
[0.75581395 1.03918625],[-0.09954623  2.29200312],[-0.18604651  5.04747606],
[0.02410664 4.46451792],[-0.06381168  2.45132087],[0.00255247 0.92331879],
[0.21270562 0.34036065],[0.33635848 2.51287546],[0.4960295  0.69158388],
[0.46001134 4.68539026],[0.61287578 0.40191524],[0.61968236 2.86409868],
[0.89619966 0.75313847],[-0.11202496  6.28943036],[-0.19994328  4.27623331],
[-0.13357913  2.74823123],[0.07657402 2.16527309],[0.20022689 4.33778789],
[0.48355077 4.68901112],[0.67214974 0.56485385],[-0.26971072  4.57314366],
[-0.05955757  3.99018552],[0.06409529 6.16270033],[-0.14747589  1.97698847],
[-0.23397618  4.73246142],[0.25269427 2.03854306],[0.37634714 4.21105786],
[0.53601815 2.38976629],[0.81253545 0.27880607],[0.84826999 0.43812382],
[-0.19568917  5.81509796],[-0.15995462  5.97441571],[-0.00709019  1.69094069],
[-0.09359047  4.44641363],[0.11656268 3.86345549],[0.24021554 6.0359703 ],
[0.39988656 4.21467872],[0.58848554 0.09052145],[0.7121384  2.26303625],
[-0.14322178  3.51585313],[-0.22972206  6.27132607],[-0.01956892  5.68836793],
[-0.31764039  4.25812902],[-0.10748724  3.67517088],[-0.04112309  2.1471688 ],
[0.16903006 1.56421066],[0.29268293 3.73672546],[0.45235394 1.91543389],
[0.57600681 4.08794869],[-0.27935337  5.34076556],[-0.45377198  6.08304145],
[-0.24361883  5.50008331],[-0.0907544   1.21660829],[-0.17725468  3.97208123],
[0.03289847 3.3891231 ],[0.15655133 5.5616379 ],[0.31622235 3.74034632],
[0.43987521 5.91286113],[0.62847419 1.78870386],[0.83862734 1.20574572],
[-0.22688599  3.04152073],[-0.31338627  5.79699367],[-0.10323313  5.21403553],
[-0.19115145  3.20083848],[-0.27765173  5.95631142],[-0.12478729  1.6728364 ],
[0.08536585 1.08987826],[0.20901872 3.26239306],[0.36868973 1.44110149],
[0.4923426  3.61361629],[0.7688599  1.50265607],[0.80459444 1.66197383],
[-0.36301758  4.86643316],[-0.32728304  5.02575091],[-0.26091889  3.49774884],
[-0.05076574  2.9147907 ],[0.07288712 5.0873055 ],[0.23255814 3.26601392],
[0.356211   5.43852873],[0.54480998 1.31437146],[0.66846285 3.48688626],
[-0.39705048  5.32266127],[-0.18689733  4.73970313],[-0.36131594  5.48197902],
[0.00170164 0.61554586],[0.12535451 2.78806067],[0.28502552 0.96676909],
[0.24900737 4.96057547],[0.40867839 3.13928389],[0.53233125 5.3117987 ],
[0.68519569 1.02832367],[0.89534884 0.44536553],[0.72093023 1.18764143],
[0.93108338 0.60468329],[-0.13442995  2.4404583 ],[-0.01077708  4.6129731 ],
[0.2725468  4.96419633],[0.75921724 2.27027797],[0.46114577 0.84003906],
[0.58479864 3.01255386],[0.79495179 2.42959572],[0.86131594 0.90159364],
[-0.27056154  4.26537073],[0.0416903  2.31372827],[0.16534317 4.48624307],
[0.32501418 2.66495149],[0.44866704 4.8374663 ],[0.60153148 0.55399128],
[0.65882019 4.25450816],[0.72518434 2.72650608],[0.63726602 0.71330903],
[0.84741917 0.13035089],[0.76091889 2.88582383],[-0.40669314  6.09028317],
[-0.37095859  6.24960092],[-0.30459444  4.72159884],[-0.09444129  4.1386407 ],
[0.02921157 6.31115551],[0.18888259 4.48986393],[0.5226886  6.07942059],
[0.58905275 4.55141852],[0.37748157 0.36570666],[0.50113443 2.53822146],
[0.71128758 1.95526332],[0.62478729 4.71073627],[0.77765173 0.42726124],
[0.81338627 0.586579  ],[-0.23057289  5.96355314],[-0.04197391  1.83939587],
[0.08167896 4.01191067],[0.24134997 2.19061909],[0.36500284 4.3631339 ],
[0.51786727 0.07965888],[0.57515598 3.78017576],[0.64152014 2.25217368],
[0.85167328 1.66921554],[0.34344867 0.82193477],[0.55360182 0.23897663],
[0.67725468 2.41149143],[-0.1781055  3.6643083],[-0.05445264  5.83682311],
[0.10521838 4.01553153],[0.22887124 6.18804633],[0.71554169 3.49412798],
[0.41747022 2.06388906],[0.62762337 1.48093093],[0.54112309 4.23640387],
[0.72972206 0.1122466 ],[-0.3142371   5.48922074],[-1.98525241e-03  3.53757827e+00],
[0.15768576 1.7162867 ],[0.28133863 3.8888015 ],[0.40499149 6.0613163 ],
[0.55785593 1.77784128],[0.76800908 1.19488314],[0.25978446 0.34760237],
[0.68150879 3.95035609],[0.59359047 1.93715903],[0.80374362 1.35420089],
[-0.13811685  5.36249071],[0.02155417 3.54119913],[0.14520703 5.71371394],
[0.33380601 1.58955667],[0.45745888 3.76207147],[0.66761202 3.17911333],
[0.73397618 1.65111125],[-0.08564946  3.06324587],[0.07402155 1.2419543 ],
[0.19767442 3.4144691 ],[0.32132728 5.58698391],[0.47419172 1.30350888],
[0.53148043 5.00402577],[0.68434487 0.72055074],[0.59784458 3.47602369],
[0.50992626 1.46282664],[0.72007941 0.8798685 ],[0.63357913 3.63534144],
[-0.22178106  4.88815831],[0.06154282 5.23938154],[0.2501418  1.11522427],
[0.37379467 3.28773907],[0.58394782 2.70478093],[0.49744753 5.46025388],
[0.65031197 1.17677885],[0.86046512 0.59382071],[0.68604651 1.3360966 ],
[-0.16931367  2.58891348],[-0.16250709  5.05109692],[0.11401021 2.9401367 ],
[0.23766307 5.11265151],[0.44781622 4.52969337],[0.60068066 0.24621834],
[0.51418037 3.00169129],[0.72433352 2.41873315],[0.42626205 0.98849424],
[0.6364152 0.4055361],[0.54991492 3.16100904],[0.76006807 2.5780509 ],
[-0.30544526  4.41382591],[-0.02212138  4.76504914],[0.31168463 6.3546058 ],
[0.1664776  0.64089187],[0.29013046 2.81340667],[0.50028361 2.23044853],
[0.41378332 4.98592148],[0.56664776 0.70244645],[0.62393647 4.40296334],
[0.77680091 0.11948831],[0.6023823  0.86176421],[-0.44157686  6.23873835],
[0.030346  2.4658043],[0.15399887 4.63831911],[0.36415201 4.05536097],
[0.43051617 2.52735889],[0.48780488 6.22787577],[0.64066931 1.94440075],
[0.1324447  1.09711998],[0.34259784 0.51416184],[0.46625071 2.68667664],
[0.67640386 2.1037185 ],[-0.26545661  6.11200832],[-0.10578559  4.29071674],
[0.08281339 0.16655947],[0.20646625 2.33907427],[0.4166194  1.75611613],
[0.33011912 4.51158908],[0.48298355 0.22811405],[0.54027226 3.92863094],
[0.81678956 1.81767072],[0.51871809 0.38743181],[-0.20618264  6.27494693],
[-0.05331821  1.9914719 ],[0.07033466 4.16398671],[0.19398752 6.33650151],
[0.40414067 5.75354337],[0.5570051  1.47006835],[0.04878049 0.62278758],
[0.47050482 4.22554129],[0.25893364 0.03982944],[0.68065797 3.64258316],
[0.3825865  2.21234424],[0.59273965 1.6293861 ],[-0.34912082  5.63767592],
[-0.1894498   3.81638434],[-0.06579694  5.98889914],[0.12280204 1.86474187],
[0.24645491 4.03725668],[0.45660805 3.45429854],[0.52297221 1.92629646],
[0.73312535 1.34333832],[-0.28984685  5.80061453],[-0.01332955  3.68965431],
[0.11032331 5.86216911],[0.32047646 5.27921098],[0.59699376 3.16825076],
[0.29892229 1.73801184],[0.50907544 1.1550537 ],[0.6327283  3.32756851],
[-0.14946115  5.51456675],[0.03913783 1.39040947],[0.1627907  3.56292428],
[0.37294385 2.97996614],[0.28644356 5.73543908],[0.439308   1.45196406],
[0.49659671 5.15248094],[0.64946115 0.86900592],[-0.37351106  5.32628213],
[-0.09699376  3.21532191],[0.0266591  5.38783672],[0.23681225 4.80487858],
[0.21525808 1.26367944],[0.42541123 0.68072131],[0.33891095 3.43619425],
[0.5490641  2.85323611],[0.8255814  0.74227589],[-0.23312535  5.04023435],
[-0.40754396  5.78251024],[-0.04452638  0.91607708],[0.07912649 3.08859188],
[0.28927964 2.50563374],[0.20277935 5.26110669],[0.35564379 0.97763166],
[0.4129325  4.67814855],[0.56579694 0.39467352],[0.6894498  2.56718833],
[0.39137833 1.13694941],[0.88485536 0.9052145 ],[-0.18065797  2.74098951],
[-0.0570051   4.91350432],[0.15314804 4.33054618],[0.13159387 0.78934705],
[0.55331821 4.39210076],[0.34174702 0.20638891],[0.25524674 2.96186185],
[0.46539989 2.37890371],[0.74191719 0.26794349],[0.74872377 2.73012694],
[-0.31678956  4.56590195],[0.01701645 6.15545861],[-0.28105502  4.7252197 ],
[-0.00453772  2.61425948],[0.20561543 2.03130134],[0.11911514 4.78677429],
[0.32926829 4.20381615],[0.45292116 6.37633095],[0.60578559 2.09285593],
[0.30771412 0.66261702],[0.80119115 0.4308821 ],[-0.14066931  4.43917192],
[0.06948383 3.85621378],[0.1931367  6.02872858],[0.04792967 0.31501465],
[0.17158253 2.48752945],[0.38173568 1.90457131],[0.78190584 1.9661259 ],
[0.94157686 0.14483432],[-0.27680091  6.26408435],[-0.08820193  2.13992708],
[0.03545094 4.31244189],[0.24560408 3.72948375],[0.31196824 2.20148167],
[0.36925695 5.90199855],[0.52212138 1.61852353],[0.22404991 0.18828462],
[0.64577425 3.79103833],[0.80544526 1.96974676],[-0.22433352  3.96483952],
[-0.10068066  6.13735432],[0.10947249 5.55439618],[0.08791832 2.01319705],
[0.29807147 1.43023891],[0.69824163 1.4917935 ],[-0.36046512  5.78975195],
[-0.32473057  5.94906971],[-0.04821327  3.83810949],[0.16193988 3.25515135],
[0.07543959 6.01062429],[0.28559274 5.42766615],[0.43845718 1.14419113],
[0.56211004 3.31670593],[0.72178106 1.49541436],[0.7575156  1.65473211],
[-0.18434487  5.66302192],[0.02580828 5.08006378],[0.00425411 1.53886465],
[0.21440726 0.95590651],[0.12790698 3.71137946],[0.61457742 1.0174611 ],
[0.621384   3.47964455],[-0.40839478  5.47473731],[-0.13187748  3.36377709],
[0.07827567 2.78081895],[-0.00822462  5.53629189],[0.20192853 4.95333375],
[0.47844583 2.84237354],[0.48525241 5.30455698],[0.63811685 1.02108196],
[0.18037436 1.41213462],[0.6020987  5.01488834],[0.67385139 1.18039971],
[-0.26800908  5.18868952],[-0.05785593  4.60573139],[-0.0794101   1.06453225],
[0.13074305 0.48157412],[0.04424277 3.23704706],[0.53091322 0.5431287 ],
[0.5377198  3.00531215],[0.65456608 2.71564351],[0.8142371  0.89435193],
[0.63981849 1.63662782],[-0.21554169  2.88944469],[-0.00538854  2.30648655],
[-0.09188883  5.06195949],[0.11826432 4.47900136],[0.4015882  4.83022458],
[0.09671015 0.93780222],[0.51843449 4.54055594],[0.6781055  2.71926436],
[0.59018718 0.70606731],[0.71384005 2.87858212],[-0.35167328  4.71435713],
[-0.14152014  4.13139899],[-0.01786727  6.30391379],[0.04707884 0.00724172],
[-0.03942144  2.76271466],[0.17073171 2.17975652],[0.44724901 0.0687963 ],
[0.45405559 2.53097975],[0.57090187 2.24131111],[0.57770845 4.70349455],
[0.73057289 0.42001953],[0.55615428 1.16229542],[0.76630743 0.57933728],
[-0.24191719  6.11562917],[-0.08905275  1.83215415],[-0.17555303  4.5876271 ],
[0.03460011 4.00466896],[0.15825298 6.17718376],[0.01304594 0.46346982],
[0.43477028 4.06622354],[0.59444129 2.24493196],[0.50652297 0.23173491],
[0.63017584 2.40424972],[0.90669314 0.2932895 ],[-0.10153148  5.82958139],
[-0.12308565  2.28838226],[0.0870675  1.70542412],[0.15343165 0.17742204],
[0.48723766 1.76697871],[0.49404424 4.22916215],[0.77056154 2.11820193],
[0.47249007 0.68796302],[0.68264322 0.10500488],[-0.25921724  4.1132947 ],
[-0.0490641   3.53033656],[-0.13556438  6.2858095 ],[0.07458877 5.70285136],
[0.35791265 6.05407459],[0.51077708 1.77059957],[0.63442995 3.94311437],
[0.54651163 1.92991732],[0.67016449 4.10243212],[-0.39534884  5.93820713],
[-0.18519569  5.35524899],[0.00340329 1.23109172],[-0.08309699  3.98656467],
[0.40357345 1.29264631],[0.41038003 3.75482975],[0.5340329  5.92734456],
[0.68689733 1.64386954],[0.38882587 0.21363062],[0.51247873 2.38614543],
[0.72263188 1.80318729],[-0.1327283   3.05600416],[-0.21922859  5.8114771 ],
[-0.00907544  5.22851896],[0.27424844 5.57974219],[0.42711288 1.29626717],
[-0.03062961  1.68731983],[0.55076574 3.46878197],[0.46284742 1.45558492],
[0.58650028 3.62809972],[0.86301758 1.51713951],[-0.2688599   4.88091659],
[-0.1667612   3.51223227],[0.31990925 0.81831391],[0.32671583 3.28049735],
[0.45036869 5.45301216],[0.60323313 1.16953714],[0.72688599 3.34205194],
[0.42881452 1.91181303],[0.63896767 1.32885489],[0.84912082 0.74589675],
[-0.3028928  5.3371447],[-0.09273965  4.75418656],[0.19058423 5.10540979],
[0.46710153 2.99444957],[0.5907544  5.16696438],[0.37918321 0.98125252],
[0.50283607 3.15376732],[0.77935337 1.04280711],[0.24305162 2.80616496],
[0.3598979  2.51649632],[0.36670448 4.97867976],[0.51956892 0.69520474],
[0.64322178 2.86771954],[0.34515031 1.43748063],[0.55530346 0.85452249],
[0.67895632 3.02703729],[-0.17640386  4.27985416],[0.38343732 2.52011717],
[0.50709019 4.69263198],[0.295519   0.50692012],[0.41917187 2.67943493],
[0.54282473 4.85194973],[0.69568917 0.56847471],[-0.31253545  6.1047666 ],
[0.27623369 2.04216392],[0.28304027 4.50434736],[0.43590471 0.22087234],
[0.55955757 2.39338714],[0.76971072 1.810429  ],[0.2614861  0.96314823],
[0.47163925 0.38019009],[0.59529212 2.5527049 ],[0.87180942 0.44174468],
[-0.26006807  3.80552177],[-0.1364152   5.97803657],[0.14690868 6.3292598 ],
[0.42342598 4.21829958],[0.33550766 2.20510253],[0.45916052 4.37761733],
[0.61202496 0.09414231],[0.66931367 3.79465919],[0.73567782 2.26665711],
[-0.39619966  5.6304342 ],[-0.29410096  4.26174987],[0.19937606 4.03001496],
[0.32302893 6.20252977],[0.47589336 1.91905474],[0.53318208 5.61957163],
[0.17782189 0.48881583],[0.59954623 4.09156955],[0.30147476 2.66133064],
[0.51162791 2.0783725 ],[0.63528077 4.2508873 ],[-0.43023256  6.08666231],
[-0.22007941  5.50370417],[0.06324447 5.8549274 ],[0.33976177 3.74396718],
[0.46341463 5.91648198],[0.25184345 1.73077013],[0.37549631 3.90328493],
[0.58564946 3.32032679],[0.49914918 6.07579974],[0.65201361 1.79232471],
[0.86216676 1.20936657],[0.35394214 0.3620858 ],[0.11571185 3.55568256],
[0.23936472 5.72819737],[0.39222915 1.44472235],[0.09415769 0.01448343],
[0.51588202 3.61723715],[0.72603517 3.03427901],[0.21781055 2.18699824],
[0.4279637 1.6040401],[0.55161656 3.7765549 ],[-0.30374362  5.02937177],
[-0.02041974  5.380595  ],[0.37975043 5.44214959],[0.16817924 1.25643773],
[0.58990357 4.85919145],[0.2918321  3.42895253],[0.41548497 5.60146734],
[0.5683494  1.31799231],[0.77850255 0.73503418],[0.69200227 3.49050712],
[0.60408395 1.47731007],[0.03204765 3.08135016],[0.15570051 5.25386497],
[0.30856495 0.97038995],[0.43221781 3.14290475],[0.64237096 2.55994661],
[0.13414634 1.71266584],[0.55587067 5.31541956],[0.34429949 1.1297077 ],
[0.46795235 3.3022225 ],[0.74446965 1.19126228],[0.08451503 0.78210533],
[0.50623936 4.38485905],[0.2081679  2.95462013],[0.33182076 5.12713494],
[0.4846852  0.84365992],[0.54197391 4.5441768 ],[0.69483834 0.26070178],
[0.60833806 3.01617472],[0.52041974 1.00297767],[0.0720363  4.77953257],
[0.22490074 0.49605755],[0.3485536  2.66857235],[0.40584231 6.36908924],
[0.55870675 2.08561421],[0.05048213 1.23833344],[0.47220647 4.84108716],
[0.26063528 0.6553753 ],[0.38428815 2.8278901 ],[0.50794101 5.00040491],
[0.66080545 0.71692989],[0.87095859 0.13397175],[-0.34741917  6.25322178],
[0.12450369 2.48028774],[0.24815655 4.65280254],[0.40102099 0.36932752],
[0.4583097 4.0698444],[0.52467385 2.54184232],[0.734827   1.95888418],
[0.43675553 0.52864527],[0.56040839 2.70116007],[-0.01162791  4.30520017],
[0.26488939 2.19423995],[0.32217811 5.89475684],[0.47504254 1.61128181],
[-0.03318208  0.76400104],[0.38854226 4.36675476],[0.17697107 0.1810429 ],
[0.59869541 3.78379662],[0.09047079 2.93651584],[0.30062394 2.3535577 ],
[0.4242768  4.52607251],[0.57714124 0.24259749],[-0.43108338  5.77888938],
[-0.1477595   6.13011261],[0.04083948 2.00595534],[0.46256381 5.60870905],
[-0.04566081  4.76142828],[0.16449234 4.17847014],[0.37464549 3.595512  ],
[0.28814521 6.35098495],[0.44100964 2.06750992],[0.49829836 5.76802681],
[0.65116279 1.48455178],[0.14293817 0.63727101],[0.35309132 0.05431287],
[0.47674419 2.22682767],[-0.09529212  3.83086777],[0.02836075 6.00338258],
[0.30487805 3.89242236],[0.5150312  3.30946422],[0.00680658 2.46218345],
[0.42853091 6.06493716],[0.21695973 1.87922531],
