[0. 0.],[-0.25       0.4330127],[0.03021978 0.04282543],
[-0.21978022  0.47583813],[0.06043956 0.08565086],[-0.18956044  0.51866357],
[0.09065934 0.1284763 ],[-0.15934066  0.561489  ],[0.12087912 0.17130173],
[-0.12912088  0.60431443],[0.1510989  0.21412716],[-0.0989011   0.64713986],
[0.18131868 0.25695259],[-0.06868132  0.68996529],[0.21153846 0.29977802],
[-0.03846154  0.73279073],[0.24175824 0.34260346],[-0.00824176  0.77561616],
[0.27197802 0.38542889],[0.02197802 0.81844159],[0.3021978  0.42825432],
[0.0521978  0.86126702],[0.33241758 0.47107975],[0.58241758 0.03806705],
[0.36263736 0.51390518],[0.61263736 0.08089248],[0.39285714 0.55673062],
[0.64285714 0.12371791],[0.42307692 0.59955605],[0.67307692 0.16654335],
[0.4532967  0.64238148],[0.7032967  0.20936878],[0.48351648 0.68520691],
[0.73351648 0.25219421],[0.51373626 0.72803234],[0.76373626 0.29501964],
[0.54395604 0.77085778],[0.79395604 0.33784508],[-0.42582418  0.81368321],
[-0.17582418  0.38067051],[-0.3956044   0.85650864],[-0.1456044   0.42349594],
[0.13461538 0.03330867],[-0.11538462  0.46632137],[0.16483516 0.0761341 ],
[-0.08516484  0.5091468 ],[0.19505495 0.11895953],[-0.05494505  0.55197224],
[0.22527473 0.16178497],[-0.02472527  0.59479767],[0.25549451 0.2046104 ],
[0.00549451 0.6376231 ],[0.28571429 0.24743583],[0.03571429 0.68044853],
[0.31593407 0.29026126],[0.06593407 0.72327396],[0.34615385 0.33308669],
[0.09615385 0.7660994 ],[0.37637363 0.37591213],[0.12637363 0.80892483],
[0.40659341 0.41873756],[0.15659341 0.85175026],[0.43681319 0.46156299],
[0.68681319 0.02855029],[0.46703297 0.50438842],[0.71703297 0.07137572],
[0.49725275 0.54721385],[0.74725275 0.11420115],[0.52747253 0.59003929],
[0.77747253 0.15702658],[0.55769231 0.63286472],[0.80769231 0.19985202],
[0.58791209 0.67569015],[0.83791209 0.24267745],[-0.38186813  0.71851558],
[-0.13186813  0.28550288],[-0.35164835  0.76134101],[-0.10164835  0.32832831],
[-0.32142857  0.80416645],[-0.07142857  0.37115374],[-0.29120879  0.84699188],
[-0.04120879  0.41397918],[0.23901099 0.02379191],[-0.01098901  0.45680461],
[0.26923077 0.06661734],[0.01923077 0.49963004],[0.29945055 0.10944277],
[0.04945055 0.54245547],[0.32967033 0.1522682 ],[0.07967033 0.5852809 ],
[0.35989011 0.19509363],[0.10989011 0.62810634],[0.39010989 0.23791907],
[0.14010989 0.67093177],[0.42032967 0.2807445 ],[0.17032967 0.7137572 ],
[0.45054945 0.32356993],[0.20054945 0.75658263],[0.48076923 0.36639536],
[0.23076923 0.79940807],[0.51098901 0.4092208 ],[0.26098901 0.8422335 ],
[0.54120879 0.45204623],[0.79120879 0.01903353],[0.57142857 0.49487166],
[0.82142857 0.06185896],[0.60164835 0.53769709],[0.85164835 0.10468439],
[0.63186813 0.58052252],[0.88186813 0.14750982],[-0.33791209  0.62334796],
[-0.08791209  0.19033525],[-0.30769231  0.66617339],[-0.05769231  0.23316069],
[-0.27747253  0.70899882],[-0.02747253  0.27598612],[-0.24725275  0.75182425],
[0.00274725 0.31881155],[-0.21703297  0.79464968],[0.03296703 0.36163698],
[-0.18681319  0.83747512],[0.06318681 0.40446241],[0.34340659 0.01427514],
[0.09340659 0.44728785],[0.37362637 0.05710058],[0.12362637 0.49011328],
[0.40384615 0.09992601],[0.15384615 0.53293871],[0.43406593 0.14275144],
[0.18406593 0.57576414],[0.46428571 0.18557687],[0.21428571 0.61858957],
[0.49450549 0.2284023 ],[0.24450549 0.66141501],[0.52472527 0.27122774],
[0.27472527 0.70424044],[0.55494505 0.31405317],[0.30494505 0.74706587],
[0.58516484 0.3568786 ],[0.33516484 0.7898913 ],[0.61538462 0.39970403],
[0.36538462 0.83271673],[0.6456044  0.44252946],[0.8956044  0.00951676],
[0.67582418 0.4853549 ],[0.92582418 0.05234219],[-0.29395604  0.52818033],
[-0.04395604  0.09516763],[-0.26373626  0.57100576],[-0.01373626  0.13799306],
[-0.23351648  0.61383119],[0.01648352 0.18081849],[-0.2032967   0.65665662],
[0.0467033  0.22364392],[-0.17307692  0.69948206],[0.07692308 0.26646936],
[-0.14285714  0.74230749],[0.10714286 0.30929479],[-0.11263736  0.78513292],
[0.13736264 0.35212022],[-0.08241758  0.82795835],[0.16758242 0.39494565],
[0.4478022  0.00475838],[0.1978022  0.43777108],[0.47802198 0.04758381],
[0.22802198 0.48059652],[0.50824176 0.09040925],[0.25824176 0.52342195],
[0.53846154 0.13323468],[0.28846154 0.56624738],[0.56868132 0.17606011],
[0.31868132 0.60907281],[0.5989011  0.21888554],[0.3489011  0.65189824],
[0.62912088 0.26171097],[0.37912088 0.69472368],[0.65934066 0.30453641],
[0.40934066 0.73754911],[0.68956044 0.34736184],[0.43956044 0.78037454],
[0.71978022 0.39018727],[0.46978022 0.82319997],[-0.25       0.4330127],
[0. 0.],[-0.21978022  0.47583813],[0.03021978 0.04282543],
[-0.18956044  0.51866357],[0.06043956 0.08565086],[-0.15934066  0.561489  ],
[0.09065934 0.1284763 ],[-0.12912088  0.60431443],[0.12087912 0.17130173],
[-0.0989011   0.64713986],[0.1510989  0.21412716],[-0.06868132  0.68996529],
[0.18131868 0.25695259],[-0.03846154  0.73279073],[0.21153846 0.29977802],
[-0.00824176  0.77561616],[0.24175824 0.34260346],[0.02197802 0.81844159],
[0.27197802 0.38542889],[0.0521978  0.86126702],[0.3021978  0.42825432],
[0.58241758 0.03806705],[0.33241758 0.47107975],[0.61263736 0.08089248],
[0.36263736 0.51390518],[0.64285714 0.12371791],[0.39285714 0.55673062],
[0.67307692 0.16654335],[0.42307692 0.59955605],[0.7032967  0.20936878],
[0.4532967  0.64238148],[0.73351648 0.25219421],[0.48351648 0.68520691],
[0.76373626 0.29501964],[0.51373626 0.72803234],[0.79395604 0.33784508],
[0.54395604 0.77085778],[-0.17582418  0.38067051],[-0.42582418  0.81368321],
[-0.1456044   0.42349594],[-0.3956044   0.85650864],[-0.11538462  0.46632137],
[0.13461538 0.03330867],[-0.08516484  0.5091468 ],[0.16483516 0.0761341 ],
[-0.05494505  0.55197224],[0.19505495 0.11895953],[-0.02472527  0.59479767],
[0.22527473 0.16178497],[0.00549451 0.6376231 ],[0.25549451 0.2046104 ],
[0.03571429 0.68044853],[0.28571429 0.24743583],[0.06593407 0.72327396],
[0.31593407 0.29026126],[0.09615385 0.7660994 ],[0.34615385 0.33308669],
[0.12637363 0.80892483],[0.37637363 0.37591213],[0.15659341 0.85175026],
[0.40659341 0.41873756],[0.68681319 0.02855029],[0.43681319 0.46156299],
[0.71703297 0.07137572],[0.46703297 0.50438842],[0.74725275 0.11420115],
[0.49725275 0.54721385],[0.77747253 0.15702658],[0.52747253 0.59003929],
[0.80769231 0.19985202],[0.55769231 0.63286472],[0.83791209 0.24267745],
[0.58791209 0.67569015],[-0.13186813  0.28550288],[-0.38186813  0.71851558],
[-0.10164835  0.32832831],[-0.35164835  0.76134101],[-0.07142857  0.37115374],
[-0.32142857  0.80416645],[-0.04120879  0.41397918],[-0.29120879  0.84699188],
[-0.01098901  0.45680461],[0.23901099 0.02379191],[0.01923077 0.49963004],
[0.26923077 0.06661734],[0.04945055 0.54245547],[0.29945055 0.10944277],
[0.07967033 0.5852809 ],[0.32967033 0.1522682 ],[0.10989011 0.62810634],
[0.35989011 0.19509363],[0.14010989 0.67093177],[0.39010989 0.23791907],
[0.17032967 0.7137572 ],[0.42032967 0.2807445 ],[0.20054945 0.75658263],
[0.45054945 0.32356993],[0.23076923 0.79940807],[0.48076923 0.36639536],
[0.26098901 0.8422335 ],[0.51098901 0.4092208 ],[0.79120879 0.01903353],
[0.54120879 0.45204623],[0.82142857 0.06185896],[0.57142857 0.49487166],
[0.85164835 0.10468439],[0.60164835 0.53769709],[0.88186813 0.14750982],
[0.63186813 0.58052252],[-0.08791209  0.19033525],[-0.33791209  0.62334796],
[-0.05769231  0.23316069],[-0.30769231  0.66617339],[-0.02747253  0.27598612],
[-0.27747253  0.70899882],[0.00274725 0.31881155],[-0.24725275  0.75182425],
[0.03296703 0.36163698],[-0.21703297  0.79464968],[0.06318681 0.40446241],
[-0.18681319  0.83747512],[0.09340659 0.44728785],[0.34340659 0.01427514],
[0.12362637 0.49011328],[0.37362637 0.05710058],[0.15384615 0.53293871],
[0.40384615 0.09992601],[0.18406593 0.57576414],[0.43406593 0.14275144],
[0.21428571 0.61858957],[0.46428571 0.18557687],[0.24450549 0.66141501],
[0.49450549 0.2284023 ],[0.27472527 0.70424044],[0.52472527 0.27122774],
[0.30494505 0.74706587],[0.55494505 0.31405317],[0.33516484 0.7898913 ],
[0.58516484 0.3568786 ],[0.36538462 0.83271673],[0.61538462 0.39970403],
[0.8956044  0.00951676],[0.6456044  0.44252946],[0.92582418 0.05234219],
[0.67582418 0.4853549 ],[-0.04395604  0.09516763],[-0.29395604  0.52818033],
[-0.01373626  0.13799306],[-0.26373626  0.57100576],[0.01648352 0.18081849],
[-0.23351648  0.61383119],[0.0467033  0.22364392],[-0.2032967   0.65665662],
[0.07692308 0.26646936],[-0.17307692  0.69948206],[0.10714286 0.30929479],
[-0.14285714  0.74230749],[0.13736264 0.35212022],[-0.11263736  0.78513292],
[0.16758242 0.39494565],[-0.08241758  0.82795835],[0.1978022  0.43777108],
[0.4478022  0.00475838],[0.22802198 0.48059652],[0.47802198 0.04758381],
[0.25824176 0.52342195],[0.50824176 0.09040925],[0.28846154 0.56624738],
[0.53846154 0.13323468],[0.31868132 0.60907281],[0.56868132 0.17606011],
[0.3489011  0.65189824],[0.5989011  0.21888554],[0.37912088 0.69472368],
[0.62912088 0.26171097],[0.40934066 0.73754911],[0.65934066 0.30453641],
[0.43956044 0.78037454],[0.68956044 0.34736184],[0.46978022 0.82319997],
[0.71978022 0.39018727],
