[0. 0.],[0.33333333 0.        ],[0.66666667 0.        ],
[0.05555556 0.18425693],[0.38888889 0.18425693],[0.72222222 0.18425693],
[0.11111111 0.36851387],[0.44444444 0.36851387],[0.77777778 0.36851387],
[0.16666667 0.5527708 ],[0.5       0.5527708],[-0.16666667  0.5527708 ],
[0.22222222 0.73702773],[0.55555556 0.73702773],[-0.11111111  0.73702773],
[0.27777778 0.92128466],[0.61111111 0.92128466],[-0.05555556  0.92128466],
[0.33333333 1.1055416 ],[-0.33333333  1.1055416 ],[0.        1.1055416],
[0.38888889 1.28979853],[-0.27777778  1.28979853],[0.05555556 1.28979853],
[0.44444444 1.47405546],[-0.22222222  1.47405546],[0.11111111 1.47405546],

