[0. 0.],[-0.125      0.4145781],[-0.25       0.8291562],
[-0.375      1.2437343],[0.06944444 0.04606423],[-0.05555556  0.46064233],
[-0.18055556  0.87522043],[-0.30555556  1.28979853],[0.13888889 0.09212847],
[0.01388889 0.50670657],[-0.11111111  0.92128466],[-0.23611111  1.33586276],
[0.20833333 0.1381927 ],[0.08333333 0.5527708 ],[-0.04166667  0.9673489 ],
[-0.16666667  1.381927  ],[0.27777778 0.18425693],[0.15277778 0.59883503],
[0.02777778 1.01341313],[-0.09722222  1.42799123],[0.34722222 0.23032117],
[0.22222222 0.64489926],[0.09722222 1.05947736],[-0.02777778  1.47405546],
[0.41666667 0.2763854 ],[0.29166667 0.6909635 ],[0.16666667 1.1055416 ],
[0.04166667 1.5201197 ],[0.48611111 0.32244963],[0.36111111 0.73702773],
[0.23611111 1.15160583],[0.11111111 1.56618393],[0.55555556 0.36851387],
[0.43055556 0.78309196],[0.30555556 1.19767006],[0.18055556 1.61224816],
[0.625     0.4145781],[0.5       0.8291562],[0.375     1.2437343],
[0.75 0.  ],[0.69444444 0.46064233],[0.56944444 0.87522043],
[0.44444444 1.28979853],[0.81944444 0.04606423],[0.76388889 0.50670657],
[0.63888889 0.92128466],[0.51388889 1.33586276],[0.88888889 0.09212847],
[-0.16666667  0.5527708 ],[-0.29166667  0.9673489 ],[-0.41666667  1.381927  ],
[-0.04166667  0.1381927 ],[-0.09722222  0.59883503],[-0.22222222  1.01341313],
[-0.34722222  1.42799123],[0.02777778 0.18425693],[-0.02777778  0.64489926],
[-0.15277778  1.05947736],[-0.27777778  1.47405546],[0.09722222 0.23032117],
[0.04166667 0.6909635 ],[-0.08333333  1.1055416 ],[-0.20833333  1.5201197 ],
[0.16666667 0.2763854 ],[0.11111111 0.73702773],[-0.01388889  1.15160583],
[-0.13888889  1.56618393],[0.23611111 0.32244963],[0.18055556 0.78309196],
[0.05555556 1.19767006],[-0.06944444  1.61224816],[0.30555556 0.36851387],
[0.25      0.8291562],[0.125     1.2437343],[0.5 0. ],
[0.375     0.4145781],[0.31944444 0.87522043],[0.19444444 1.28979853],
[0.56944444 0.04606423],[0.44444444 0.46064233],[0.38888889 0.92128466],
[0.26388889 1.33586276],[0.63888889 0.09212847],[0.51388889 0.50670657],
[0.45833333 0.9673489 ],[0.33333333 1.381927  ],[0.70833333 0.1381927 ],
[0.58333333 0.5527708 ],[0.52777778 1.01341313],[0.40277778 1.42799123],
[0.77777778 0.18425693],[0.65277778 0.59883503],[0.59722222 1.05947736],
[0.47222222 1.47405546],[0.84722222 0.23032117],[0.72222222 0.64489926],
[-0.33333333  1.1055416 ],[-0.45833333  1.5201197 ],[-0.08333333  0.2763854 ],
[-0.20833333  0.6909635 ],[-0.26388889  1.15160583],[-0.38888889  1.56618393],
[-0.01388889  0.32244963],[-0.13888889  0.73702773],[-0.19444444  1.19767006],
[-0.31944444  1.61224816],[0.05555556 0.36851387],[-0.06944444  0.78309196],
[-0.125      1.2437343],[0.25 0.  ],[0.125     0.4145781],
[0.        0.8291562],[-0.05555556  1.28979853],[0.31944444 0.04606423],
[0.19444444 0.46064233],[0.06944444 0.87522043],[0.01388889 1.33586276],
[0.38888889 0.09212847],[0.26388889 0.50670657],[0.13888889 0.92128466],
[0.08333333 1.381927  ],[0.45833333 0.1381927 ],[0.33333333 0.5527708 ],
[0.20833333 0.9673489 ],[0.15277778 1.42799123],[0.52777778 0.18425693],
[0.40277778 0.59883503],[0.27777778 1.01341313],[0.22222222 1.47405546],
[0.59722222 0.23032117],[0.47222222 0.64489926],[0.34722222 1.05947736],
[0.29166667 1.5201197 ],[0.66666667 0.2763854 ],[0.54166667 0.6909635 ],
[0.41666667 1.1055416 ],[0.36111111 1.56618393],[0.73611111 0.32244963],
[0.61111111 0.73702773],[0.48611111 1.15160583],[0.43055556 1.61224816],
[0.80555556 0.36851387],[0.68055556 0.78309196],[0.55555556 1.19767006],

