[-0.3022222,1.16450381],[0.23777777,1.31927963],[0.5,0.55277079],
[0.06,1.61409073],[0.72444444,0.89917383],[0.32222222,0.84758189],
[-0.0311111,1.04657937],[0.63333333,0.33166247],[0.23111111,0.28007053],
[-0.1222222,0.47906802],[-0.2088888,1.34139047],[0.59333333,0.72965745],
[0.41555555,1.02446854],[0.06222222,1.22346603],[0.32444444,0.45695719],
[-0.34,1.17187409],[0.75333333,0.24321915],[-0.2066666,0.95076577],
[0.05555555,0.18425693],[0.50888888,1.20135520],[-0.2466666,1.34876074],
[-0.4244444,1.64357184],[0.84666666,0.42010580],[0.66888888,0.71491689],
[0.57777777,0.14740554],[-0.0866666,0.86232244],[0.17555555,0.09581360],
[0.4,0.44221663],[0.84888888,0.02948110],[0.09777777,1.60672045],
[0.00666666,1.03920910],[0.67111111,0.32429220],[0.26888888,0.27270026],
[-0.1711111,1.33402019],[0.49333333,0.61910329],[0.40222222,0.05159194],
[0.0,0.0],[0.45333333,1.01709826],[0.76444444,0.50117885],
[0.36222222,0.44958691],[-0.0777777,1.51090684],[0.18444444,0.74439800],
[0.49555555,0.22847859],[-0.1688888,0.94339549],[0.09333333,0.17688665],
[0.54666666,1.19398492],[0.45555555,0.62647357],[0.36888888,1.48879601],
[-0.3866666,1.63620156],[0.27777777,0.92128466],[0.18666666,0.35377331],
[0.61555555,0.14003526],[-0.1155555,1.51827712],[0.14666666,0.75176828],
[0.84,0.48643830],[0.37111111,1.09817131],[0.33111111,1.49616629],
[0.70888888,0.31692192],[0.24,0.92865494],[0.46444444,1.27505797],
[0.53111111,0.61173301],[-0.2244444,0.75913856],[0.44,0.04422166],
[-0.0288888,0.65595468],[0.26222222,0.33903275],[0.80222222,0.49380857],
[0.62444444,0.78861967],[-0.04,1.50353657],[0.88666666,0.02211083],
[0.15555555,1.40035268],[0.53333333,0.22110831],[0.13111111,0.16951637],
[0.58444444,1.18661464],[0.35555555,0.51591941],[0.31555555,0.91391438],
[0.62666666,0.39799497],[0.22444444,0.34640303],[-0.2155555,1.40772296],
[0.04666666,0.64121412],[0.58666666,0.79598994],[0.35777777,0.12529471],
[0.40888888,1.09080104],[0.31777777,0.52328968],[-0.3466666,1.23820658],
[-0.0844444,0.47169774],[0.23111111,1.38561213],[-0.1222222,1.58460962],
[0.14,0.81810078],[0.04888888,0.25058942],[0.50222222,1.26768769],
[0.1,1.21609575],[0.47777777,0.03685138],[-0.2533333,1.41509324],
[0.00888888,0.64858440],[0.32444444,1.56249879],[0.23333333,0.99498743],
[0.19333333,1.39298241],[0.57111111,0.21373804],[0.10222222,0.82547105],
[0.32666666,1.17187409],[-0.0755555,1.12028215],[-0.1666666,0.55277079],
[0.28666666,1.56986906],[0.48666666,0.68543579],[0.01777777,1.29716880],
[0.39555555,0.11792443],[-0.0066666,0.06633249],[0.44666666,1.08343076],
[0.58,0.86232244],[0.17777777,0.81073050],[0.84222222,0.09581360],
[0.08666666,0.24321915],[0.54,1.26031742],[-0.0911111,0.53803024],
[0.44888888,0.69280606],[0.36222222,1.55512851],[0.67333333,1.03920910],
[0.27111111,0.98761715],[-0.1311111,0.93602521],[0.18,0.42010580],
[0.09333333,1.28242825],[0.00222222,0.71491689],[0.80444444,0.10318388],
[0.36444444,1.16450381],[-0.0377777,1.11291187],[-0.3911111,1.31190936],
[-0.1288888,0.54540052],[0.09555555,0.89180355],[0.45777777,1.34139047],
[0.05555555,1.28979852],[0.72,0.57488163],[-0.0355555,0.72228717],
[0.18888888,1.06869021],[-0.2133333,1.01709826],[0.61777777,0.85495216],
[0.88,0.08844332],[0.14888888,1.46668518],[0.34888888,0.58225190],
[-0.12,1.19398492],[0.30888888,0.98024688],[0.21777777,0.41273552],
[0.53333333,1.32664991],[0.79555555,0.56014107],[0.44222222,0.75913856],
[0.04,0.70754662],[0.40222222,1.15713353],[0.66444444,0.39062469],
[0.31111111,0.58962218],[0.22444444,1.45194463],[0.79777777,0.16951637],
[0.13333333,0.88443327],[0.04222222,0.31692192],[-0.0444444,1.17924436],
[0.49555555,1.33402019],[0.75777777,0.56751135],[-0.1355555,0.61173301],
[0.40444444,0.76650884],[0.66666666,0.0],[0.31777777,1.62883128],
[0.22666666,1.06131993],[0.89111111,0.34640303],[-0.1755555,1.00972799],
[0.48888888,0.29481109],[0.13555555,0.49380857],[0.18666666,1.45931490],
[-0.0422222,0.78861967],[0.32,1.23820658],[0.58222222,0.47169774],
[-0.0822222,1.18661464],[-0.1733333,0.61910329],[-0.26,1.48142573],
[0.28,1.63620156],[0.01111111,1.36350130],[-0.0133333,0.13266499],
[0.21111111,0.47906802],[-0.2577777,1.09080104],[0.83555555,0.16214610],
[0.17111111,0.87706300],[0.43333333,0.11055415],[-0.2977777,1.48879601],
[0.08,0.30955164],[0.39555555,1.22346603],[0.65777777,0.45695719],
[-0.0977777,0.60436273],[0.35555555,1.62146100],[0.26444444,1.05394965],
[0.52666666,0.28744081],[0.17333333,0.48643830],[0.08666666,1.34876074],
[-0.0044444,0.78124939],[0.66,0.06633249],[0.25777777,0.01474055],
[0.35777777,1.23083631],[0.62,0.46432747],[0.18,1.52564740],
[0.08888888,0.95813605],[0.35111111,0.19162721],[-0.0022222,0.39062469],
[0.45111111,1.40772296],[0.04888888,1.35613102],[0.71333333,0.64121412],
[-0.1288888,1.65094211],[0.53555555,0.93602521],[0.18222222,1.13502270],
[-0.22,1.08343076],[0.44444444,0.36851386],[-0.3977777,1.37824185],
[0.87333333,0.15477582],[0.14222222,1.53301768],[0.62888888,1.11291187],
[-0.1266666,1.26031742],[-0.3044444,1.55512851],[0.49777777,0.94339549],
[0.78888888,0.62647357],[0.03333333,0.77387911],[0.69777777,0.05896221],
[0.29555555,0.00737027],[-0.0577777,0.20636776],[0.79111111,0.23584887],
[0.12666666,0.95076577],[0.38888888,0.18425693],[-0.3422222,1.56249879],
[0.75111111,0.63384384],[-0.1422222,0.67806551],[0.57333333,0.92865494],
[0.22,1.12765242],[-0.1822222,1.07606048],[0.48222222,0.36114358],
[0.04222222,1.42246352],[0.30444444,0.65595468],[-0.0488888,0.85495216],
[0.21333333,0.08844332],[0.57555555,0.53803024],[-0.0888888,1.25294714],
[0.48888888,1.40035268],[-0.18,0.68543579],[0.13555555,1.59935017],
[-0.2666666,1.54775823],[0.39777777,0.83284133],[0.04444444,1.03183882],
[0.30666666,0.26532998],[0.73555555,0.05159194],[0.00444444,1.42983379],
[0.26666666,0.66332495],[0.49111111,1.00972799],[-0.2644444,1.15713353],
[0.82888888,0.22847859],[0.36,0.84021161],[-0.1044444,0.67069523],
[0.09111111,0.56751135],[0.52,0.35377331],[0.74444444,0.70017634],
[0.65333333,0.13266499],[-0.0111111,0.84758189],[0.25111111,0.08107305],
[0.61333333,0.53065996],[0.17333333,1.59197989],[0.43555555,0.82547105],
[0.74666666,0.30955164],[0.34444444,0.25795970],[-0.0955555,1.31927963],
[0.16666666,0.55277079],[0.70666666,0.70754662],[0.52888888,1.00235771],
[0.43777777,0.43484636],[-0.2266666,1.14976326],[0.03555555,0.38325442],
[-0.0022222,1.49616629],[0.26,0.72965745],[-0.4044444,1.44457435],
[0.16888888,0.16214610],[0.62222222,1.17924436],[-0.1333333,1.32664991],
[0.12888888,0.56014107],[-0.3111111,1.62146100],[0.31333333,1.30453908],
[0.69111111,0.12529471],[0.22222222,0.73702773],[-0.3088888,1.23083631],
[-0.0466666,0.46432747],[0.40666666,1.48142573],[0.78444444,0.30218136],
[0.38222222,0.25058942],[-0.3488888,1.62883128],[0.60666666,0.59699246],
[0.13777777,1.20872547],[0.51555555,0.02948110],[0.56666666,0.99498743],
[0.47555555,0.42747608],[0.7,0.77387911],[0.29777777,0.72228717],
[0.96222222,0.00737027],[0.60888888,0.20636776],[0.20666666,0.15477582],
[-0.2333333,1.21609575],[0.02888888,0.44958691],[0.56888888,0.60436273],
[0.48222222,1.46668518],[-0.2733333,1.61409073],[0.39111111,0.89917383],
[0.3,0.33166247],[0.35111111,1.29716880],[0.12222222,0.62647357],
[0.66222222,0.78124939],[0.92444444,0.01474055],[0.03111111,0.05896221],
[0.48444444,1.07606048],[0.08222222,1.02446854],[0.39333333,0.50854913],
[-0.2711111,1.22346603],[-0.0088888,0.45695719],[0.44444444,1.47405546],
[-0.4488888,1.51827712],[-0.1866666,0.75176828],[0.35333333,0.90654410],
[0.12444444,0.23584887],[0.57777777,1.25294714],[0.17555555,1.20135520],
[0.55333333,0.02211083],[-0.1777777,1.40035268],[0.08444444,0.63384384],
[-0.0933333,0.92865494],[0.73777777,0.76650884],[0.26888888,1.37824185],
[0.24444444,0.14740554],[0.46888888,0.49380857],[0.0,1.10554159],
[0.42888888,0.89180355],[0.33777777,0.32429220],[0.56222222,0.67069523],
[0.16,0.61910329],[0.06888888,0.05159194],[0.52222222,1.06869021],
[0.12,1.01709826],[0.43111111,0.50117885],[0.34444444,1.36350130],
[0.25333333,0.79598994],[-0.4111111,1.51090684],[-0.1488888,0.74439800],
[0.16222222,0.22847859],[0.61555555,1.24557686],[0.21333333,1.19398492],
[0.52444444,0.67806551],[0.43777777,1.54038795],[0.34666666,0.97287660],
[-0.0555555,0.92128466],[0.25555555,0.40536525],[0.30666666,1.37087158],
[0.21555555,0.80336022],[0.44,1.14976326],[0.03777777,1.09817131],
[0.70222222,0.38325442],[-0.0533333,0.53065996],[-0.14,1.39298241],
[0.4,1.54775823],[-0.2311111,0.82547105],[0.13111111,1.27505797],
[0.10666666,0.04422166],[0.33111111,0.39062469],[-0.1377777,1.00235771],
[0.29111111,0.78861967],[0.95555555,0.07370277],[0.2,0.22110831],
[0.02222222,0.51591941],[0.38444444,0.96550632],[0.64666666,0.19899748],
[-0.0844444,1.57723934],[0.29333333,0.39799497],[-0.0177777,0.91391438],
[0.11555555,0.69280606],[-0.3533333,1.30453908],[0.91777777,0.08107305],
[0.02444444,0.12529471],[0.47777777,1.14239298],[0.07555555,1.09080104],
[0.74,0.37588414],[0.38666666,0.57488163],[-0.0155555,0.52328968],
[0.3,1.43720407],[-0.4555555,1.58460962],[0.20888888,0.86969272],
[-0.1933333,0.81810078],[0.47111111,0.10318388],[0.11777777,0.30218136],
[0.57111111,1.31927963],[0.16888888,1.26768769],[0.07777777,0.70017634],
[0.39333333,1.61409073],[-0.0088888,1.56249879],[0.65555555,0.84758189],
[0.30222222,1.04657937],[-0.1,0.99498743],[0.56444444,0.28007053],
[-0.2777777,1.28979852],[0.26222222,1.44457435],[-0.0066666,1.17187409],
[-0.0466666,1.56986906],[0.15333333,0.68543579],[-0.3155555,1.29716880],
[0.06222222,0.11792443],[0.51555555,1.13502270],[0.77777777,0.36851386],
[-0.1155555,0.41273552],[0.91111111,0.14740554],[0.24666666,0.86232244],
[0.50888888,0.09581360],[-0.2222222,1.47405546],[0.15555555,0.29481109],
[-0.0222222,0.58962218],[0.43111111,1.60672045],[0.69333333,0.84021161],
[0.34,1.03920910],[0.60222222,0.27270026],[-0.0622222,0.98761715],
[0.16222222,1.33402019],[0.42444444,0.56751135],[0.07111111,0.76650884],
[0.33333333,0.0],[0.69555555,0.44958691],[0.03111111,1.16450381],
[-0.06,0.59699246],[0.25555555,1.51090684],[-0.1466666,1.45931490],
[0.16444444,0.94339549],[0.42666666,0.17688665],[-0.2377777,0.89180355],
[0.12444444,1.34139047],[-0.0533333,1.63620156],[-0.1444444,1.06869021],
[0.94888888,0.14003526],[0.21777777,1.51827712],[0.48,0.75176828],
[-0.1844444,1.46668518],[0.28444444,0.85495216],[-0.0511111,1.24557686],
[0.01555555,0.58225190],[0.64,0.26532998],[-0.0911111,1.64357184],
[0.10888888,0.75913856],[0.77333333,0.04422166],[-0.36,1.37087158],
[0.73333333,0.44221663],[0.29333333,1.50353657],[0.55555555,0.73702773],
[0.86666666,0.22110831],[0.46444444,0.16951637],[-0.2,0.88443327],
[0.02444444,1.23083631],[-0.0666666,0.66332495],[-0.0155555,1.62883128],
[0.64888888,0.91391438],[-0.1066666,1.06131993],[0.55777777,0.34640303],
[-0.1244444,0.86969272],[-0.2844444,1.35613102],[0.51777777,0.74439800],
[0.28888888,0.07370277],[0.65111111,0.52328968],[-0.0133333,1.23820658],
[0.24888888,0.47169774],[-0.1911111,1.53301768],[0.61111111,0.92128466],
[-0.2822222,0.96550632],[-0.02,0.19899748],[0.43333333,1.21609575],
[0.81111111,0.03685138],[0.08,1.41509324],[-0.3222222,1.36350130],
[0.34222222,0.64858440],[-0.1888888,1.14239298],[0.07333333,0.37588414],
[0.52666666,1.39298241],[0.90444444,0.21373804],[0.50222222,0.16214610],
[-0.2288888,1.54038795],[0.72666666,0.50854913],[0.25777777,1.12028215],
[0.68666666,0.90654410],[0.59555555,0.33903275],[0.41777777,0.63384384],
[0.72888888,0.11792443],[0.32666666,0.06633249],[0.37777777,1.03183882],
[0.68888888,0.51591941],[0.28666666,0.46432747],[0.51111111,0.81073050],
[-0.1533333,1.52564740],[0.42,0.24321915],[-0.2444444,0.95813605],
[0.01777777,0.19162721],[0.47111111,1.20872547],[0.78222222,0.69280606],
[0.11777777,1.40772296],[0.38,0.64121412],[0.60444444,0.98761715],
[-0.4622222,1.65094211],[0.20222222,0.93602521],[0.51333333,0.42010580],
[-0.1511111,1.13502270],[0.11111111,0.36851386],[0.56444444,1.38561213],
[-0.3288888,1.42983379],[0.47333333,0.81810078],[0.29555555,1.11291187],
[-0.0577777,1.31190936],[0.20444444,0.54540052],[-0.2355555,1.60672045],
[0.02666666,0.84021161],[-0.0644444,0.27270026],[0.38888888,1.28979852],
[0.36444444,0.05896221],[-0.3666666,1.43720407],[0.58888888,0.40536525],
[0.54888888,0.80336022],[0.45777777,0.23584887],[0.28,0.53065996],
[0.64222222,0.98024688],[0.55111111,0.41273552],[-0.1133333,1.12765242],
[0.14888888,0.36114358],[0.37333333,0.70754662],[-0.2911111,1.42246352],
[0.28222222,0.14003526],[0.33333333,1.10554159],[0.64444444,0.58962218],
[0.24222222,0.53803024],[0.55777777,1.45194463],[-0.1977777,1.59935017],
[0.46666666,0.88443327],[0.06444444,0.83284133],[-0.2888888,1.03183882],
[0.37555555,0.31692192],[-0.0266666,0.26532998],[0.42666666,1.28242825],
[0.33555555,0.71491689],[0.24888888,1.57723934],[0.56,1.06131993],
[0.15777777,1.00972799],[0.82222222,0.29481109],[0.06666666,0.44221663],
[0.52,1.45931490],[-0.3733333,1.50353657],[-0.1111111,0.73702773],
[0.25111111,1.18661464],[0.68,0.97287660],[0.21111111,1.58460962],
[0.41111111,0.70017634],[0.32,0.13266499],[0.14222222,0.42747608],
[0.68222222,0.58225190],[-0.16,1.59197989],[0.50444444,0.87706300],
[0.76666666,0.11055415],[0.03555555,1.48879601],[0.41333333,0.30955164],
[0.01111111,0.25795970],[0.23555555,0.60436273],[0.14444444,0.03685138],
[0.59777777,1.05394965],[0.19555555,1.00235771],[0.86,0.28744081],
[0.50666666,0.48643830],[0.10444444,0.43484636],[0.32888888,0.78124939],
[-0.3355555,1.49616629],[-0.0733333,0.72965745],[0.59111111,0.01474055],
[0.23777777,0.21373804],[0.28888888,1.17924436],[0.19777777,0.61173301],
[0.11111111,1.47405546],[0.42222222,0.95813605],[0.02,0.90654410],
[-0.0711111,0.33903275],[0.38222222,1.35613102],[-0.02,1.30453908],
[0.20444444,1.65094211],[0.11333333,1.08343076],[0.47555555,1.53301768],
[0.54222222,0.86969272],[0.07333333,1.48142573],[0.45111111,0.30218136],
[0.20666666,1.26031742],[0.27333333,0.59699246],[-0.1955555,1.20872547],
[0.18222222,0.02948110],[0.63555555,1.04657937],[0.89777777,0.28007053],
[0.00444444,0.32429220],[0.36666666,0.77387911],[0.62888888,0.00737027],
[-0.1022222,1.38561213],[0.27555555,0.20636776],[0.09777777,0.50117885],
[0.46,0.95076577],[0.72222222,0.18425693],[0.05777777,0.89917383],
[-0.0333333,0.33166247],[0.42,1.34876074],[0.19111111,0.67806551],
[0.1,0.11055415],[0.24222222,1.64357184],[0.15111111,1.07606048],
[0.81555555,0.36114358],[-0.2511111,1.02446854],[0.06,0.50854913],
[-0.0266666,1.37087158],[0.51333333,1.52564740],[-0.1177777,0.80336022],
[0.68444444,0.19162721],[0.24444444,1.25294714],[-0.1577777,1.20135520],
[0.22,0.02211083],[0.06666666,1.54775823],[-0.0244444,0.98024688],
[0.33777777,1.42983379],[-0.0644444,1.37824185],[0.6,0.66332495],
[-0.1555555,0.81073050],[0.06888888,1.15713353],[-0.3333333,1.10554159],
[0.76,0.17688665],[0.02888888,1.55512851],[0.22888888,0.67069523],
[-0.24,1.28242825],[0.85333333,0.35377331],[-0.04,0.39799497],
[0.41333333,1.41509324],[0.67555555,0.64858440],[-0.08,0.79598994],
[0.58444444,0.08107305],[0.28222222,1.24557686],[0.54444444,0.47906802],
[0.50666666,1.59197989],[0.10444444,1.54038795],[0.67777777,0.25795970],
[0.01333333,0.97287660],[-0.0777777,0.40536525],[-0.1644444,1.26768769],
[0.37555555,1.42246352],[0.63777777,0.65595468],[0.54666666,0.08844332],
[0.77111111,0.43484636],[0.10666666,1.14976326],[-0.2955555,1.09817131],
[0.36888888,0.38325442],[-0.0711111,1.44457435],[0.46888888,1.59935017],
[0.73111111,0.83284133],[-0.1622222,0.87706300],[0.55333333,1.12765242],
[0.2,1.32664991],[-0.2022222,1.27505797],[0.46222222,0.56014107],
[0.02222222,1.62146100],[-0.38,1.56986906],[-0.0688888,1.05394965],
[0.19333333,0.28744081],[0.62222222,0.07370277],[-0.1088888,1.45194463],
[0.71555555,0.25058942],[0.05111111,0.96550632],[0.31333333,0.19899748],
[-0.4177777,1.57723934],[0.27555555,1.31190936],[0.53777777,0.54540052],
[0.80888888,0.42747608],[0.14444444,1.14239298],[0.40666666,0.37588414],
[0.05333333,0.57488163],[0.63111111,0.72228717],[-0.0333333,1.43720407],
[0.54,0.15477582],[0.13777777,0.10318388],[0.59111111,1.12028215],

