[0.22086082,0.14587730],[0.00942507,0.26570509],[0.65708451,0.55902268],
[0.13996229,1.45825208],[-0.0714734,1.57807987],[0.41611687,0.95184943],
[0.20468111,1.07167722],[-0.2571473,1.31862666],[-0.1550424,1.43324454],
[0.69227144,0.44544677],[0.79437637,0.56006466],[0.48083568,0.56527456],
[0.01900722,0.81222401],[0.12111215,0.92684189],[-0.1924285,0.93205179],
[0.75699026,0.05887191],[0.39726672,0.42043924],[0.08372604,0.42564914],
[0.51602262,0.45169866],[0.79610430,0.33239186],[0.27898209,1.23162126],
[0.59252277,1.22641136],[-0.3942821,1.59839850],[0.55513666,0.72521861],
[-0.1181275,1.09199584],[-0.3295633,1.21182363],[0.83129123,0.21881596],
[0.15802701,0.58559319],[0.26013195,0.70021107],[-0.0534087,0.70542098],
[0.43418158,0.07919053],[0.53628652,0.19380842],[0.22274583,0.19901832],
[-0.1369776,0.56058565],[-0.2943763,1.09824773],[0.35328306,1.39156531],
[0.14184731,1.51139310],[0.65504241,0.22506784],[0.45538799,1.50618320],
[0.13917687,0.05418300],[-0.0182218,0.59184507],[0.41800188,1.00499045],
[-0.2552623,1.37176768],[0.57147345,0.08023251],[0.05827835,1.36655777],
[0.69415645,0.49858779],[0.02089224,0.86536502],[0.33443292,0.86015512],
[0.29704681,0.35896237],[0.61058749,0.35375247],[0.00204209,0.33395483],
[-0.1553565,0.87161691],[0.49230285,1.16493450],[-0.3923971,1.65153952],
[0.12079798,0.36521425],[-0.0788564,1.64632961],[-0.1162425,1.14513686],
[0.19729814,1.13992696],[0.83317624,0.27195698],[0.03722902,0.22037893],
[0.31605403,1.17118638],[0.15991203,0.63873421],[0.62959472,1.16597648],
[0.47345271,0.63352430],[-0.0436694,1.53275371],[-0.1998114,1.00030153],
[0.43606660,0.13233155],[0.74960728,0.12712165],[0.23248507,1.02635105],
[0.07634307,0.49389888],[0.35516808,1.44470633],[0.14106189,0.10732401],
[0.63132265,0.93830368],[0.27159912,1.29987101],[-0.0999057,0.50015076],
[0.54775369,0.79346835],[0.33631793,0.91329614],[-0.3369462,1.28007337],
[0.61247251,0.40689349],[-0.2181903,1.31133279],[0.09535029,1.30612289],
[-0.0607917,0.77367072],[0.37150486,0.79972024],[0.21536286,0.26726806],
[-0.3017593,1.16649747],[0.13446434,1.57964284],[0.64765944,0.29331758],
[0.77034244,0.71167286],[0.41061891,1.07324019],[0.03911404,0.27351995],
[0.68677348,0.56683753],[-0.0417844,1.58589473],[-0.1979264,1.05344255],
[0.75149230,0.18026267],[0.23437009,1.07949207],[0.07822808,0.54703990],
[0.51052466,0.57308942],[0.35438265,0.04063725],[-0.1627395,0.93986665],
[0.27348413,1.35301202],[0.78667923,0.06668676],[0.11341501,0.43346400],
[-0.0980207,0.55329178],[0.54963870,0.84660937],[0.17813383,0.04688913],
[0.82579327,0.34020672],[0.30867106,1.23943612],[0.09723531,1.35926391],
[0.37338988,0.85286126],[0.21724787,0.32040908],[-0.2998743,1.21963849],
[0.13634935,1.63278386],[0.64954445,0.34645860],[-0.0237197,0.71323583],
[-0.2351555,0.83306362],[0.41250392,1.12638121],[-0.2607602,1.49315844],
[0.25243480,0.20683318],[0.04099905,0.32666097],[0.68865849,0.61997855],
[0.17153628,1.51920796],[-0.0398994,1.63903575],[0.96481306,0.11357590],
[-0.0425699,0.18182564],[0.44769085,1.01280530],[0.23625510,1.13263309],
[-0.2255733,1.37958253],[-0.1234684,1.49420042],[-0.4370091,1.49941032],
[0.72384542,0.50640265],[0.51240967,0.62623044],[0.15268614,0.98779776],
[-0.1608545,0.99300767],[0.78856424,0.11982778],[0.42884071,0.48139511],
[0.11530003,0.48660501],[-0.1217404,1.26652762],[0.82767829,0.39334774],
[0.31055607,1.29257714],[0.58671065,0.78617449],[-0.0865535,1.15295172],
[0.01555136,1.26756960],[-0.2979893,1.27277951],[0.86286522,0.27977183],
[0.65142946,0.39959962],[0.18960100,0.64654906],[0.29170593,0.76116695],
[-0.0218347,0.76637685],[0.56786050,0.25476429],[0.25431982,0.25997420],
[-0.1054037,0.62154152],[-0.2628023,1.15920360],[0.38485705,1.45252119],
[0.17342130,1.57234898],[0.48696198,1.56713907],[0.17075086,0.11513887],
[0.44957587,1.06594632],[-0.2236883,1.43272355],[0.08985234,1.42751365],
[-0.0662896,0.89506148],[0.72573044,0.55954367],[0.05246622,0.92632090],
[0.36600691,0.92111100],[0.32862079,0.41991825],[-0.2425384,0.90131336],
[0.70688030,0.02813348],[0.39333961,0.03334338],[0.03361608,0.39491071],
[-0.1237825,0.93257278],[0.52387684,1.22589037],[-0.1493873,1.59266760],
[0.15237197,0.42617013],[-0.2073515,0.78773746],[-0.0846685,1.20609274],
[0.22887213,1.20088283],[-0.4443920,1.56766006],[0.86475023,0.33291285],
[0.06880301,0.28133480],[0.34762802,1.23214226],[0.19148601,0.69969008],
[0.50502670,0.69448018],[-0.0120955,1.59370958],[-0.1682375,1.06125741],
[0.46764059,0.19328743],[0.78118127,0.18807752],[0.26405906,1.08730693],
[0.10791705,0.55485475],[0.38674206,1.50566221],[0.17263587,0.16827989],
[0.66289663,0.99925955],[0.30317310,1.36082688],[-0.0103675,1.36603678],
[0.09173735,1.48065467],[-0.0683317,0.56110664],[0.57932767,0.85442423],
[0.36789192,0.97425201],[-0.3053722,1.34102925],[0.20782280,0.05470399],
[0.33050581,0.47305926],[0.64404649,0.46784936],[-0.1866163,1.37228867],
[0.12692428,1.36707877],[-0.0292177,0.83462659],[-0.0666038,0.33343384],
[0.40307885,0.86067611],[0.24693685,0.32822394],[-0.2701853,1.22745334],
[0.16603832,1.64059872],[-0.1475023,1.64580862],[0.67923342,0.35427346],
[0.44219289,1.13419606],[0.12865221,1.13940597],[-0.2310713,1.50097329],
[-0.4425070,1.62080108],[0.07068803,0.33447582],[0.71834747,0.62779341],
[0.50691171,0.74762120],[0.04508325,0.99457064],[-0.1663524,1.11439843],
[0.78306628,0.24121854],[0.26594407,1.14044795],[0.10980207,0.60799577],
[-0.4073201,1.50722518],[0.07241595,0.10680302],[0.54209864,0.63404529],
[0.38595664,0.10159312],[-0.1311655,1.00082252],[0.30505812,1.41396790],
[0.81825322,0.12764264],[0.14498900,0.49441987],[0.58121269,0.90756525],
[-0.0920515,1.27434248],[0.20970782,0.10784500],[0.85736726,0.40116259],
[0.18410304,0.76793982],[-0.0273327,0.88776761],[0.92208608,0.01458773],
[0.40496387,0.91381713],[0.24882186,0.38136496],[-0.2683003,1.28059436],
[0.37935909,1.57391195],[0.68111844,0.40741448],[0.00785422,0.77419171],
[0.44407791,1.18733708],[-0.2291863,1.55411431],[0.28400879,0.26778905],
[0.72023248,0.68093443],[0.20311027,1.58016383],[0.04696826,1.04771166],
[0.47926484,1.07376118],[0.32312284,0.54130900],[-0.4054351,1.56036620],
[0.54398366,0.68718631],[0.38784165,0.15473414],[-0.1292805,1.05396354],
[0.51837888,1.34728113],[0.82013823,0.18078366],[0.46041470,0.54235099],
[0.14687401,0.54756089],[0.58309770,0.96070626],[-0.0901665,1.32748350],
[0.42302858,0.04115824],[0.85925227,0.45430361],[0.34213006,1.35353302],
[0.18598806,0.82108084],[0.61828463,0.84713036],[0.46214263,0.31467819],
[-0.0549795,1.21390759],[-0.2664153,1.33373538],[0.38124410,1.62705297],
[0.89443920,0.34072771],[0.68300345,0.46055550],[0.00973923,0.82733273],
[-0.3499842,1.18890005],[0.59943449,0.31572017],[0.28589381,0.32093007],
[-0.0738297,0.68249740],[0.20499528,1.63330485],[0.04885328,1.10085268],
[0.48114985,1.12690220],[0.32500785,0.59445002],[0.12142632,1.48846952],
[-0.1921143,1.49367943],[0.75730442,0.62049954],[0.60116242,0.08804737],
[0.91470311,0.08283747],[0.08404021,0.98727677],[0.39758089,0.98206687],
[0.52026390,1.40042215],[0.36019478,0.48087412],[0.14875903,0.60070191],
[-0.2109644,0.96226924],[0.73845428,0.08908935],[0.42491360,0.09429925],
[0.06519007,0.45586658],[0.55545083,1.28684625],[0.62016965,0.90027138],
[0.46402764,0.36781921],[0.26044612,1.26183871],[-0.0530945,1.26704861],
[-0.4128180,1.62861594],[0.38045868,0.22298388],[0.22306000,0.76064596],
[0.53660069,0.75543605],[-0.1366635,1.12221328],[0.29956016,1.53535866],
[0.49921457,0.25424330],[0.81275526,0.24903340],[0.13949104,0.61581063],
[-0.1740496,0.62102053],[-0.0719447,0.73563842],[0.57571473,1.02895601],
[0.41831605,1.56661808],[0.20420986,0.22923576],[0.33474709,1.42178276],
[0.12331134,1.54161054],[0.02120640,1.42699266],[0.39946591,1.03520789],
[-0.2737983,1.40198512],[0.36207979,0.53401514],[0.67562048,0.52880524],
[0.00235626,0.89558247],[0.63823437,0.02761249],[0.95177505,0.02240258],
[0.27851083,0.38917981],[-0.0350298,0.39438972],[0.71473452,0.80232519],
[0.55733584,1.33998726],[0.34322965,0.00260495],[0.47376688,1.19515194],
[0.16022620,1.20036184],[-0.1994973,1.56192917],[0.74992145,0.68874928],
[0.53848570,0.80857707],[0.43638077,0.69395919],[0.07665724,1.05552651],
[-0.1347785,1.17535430],[0.81464027,0.30217442],[0.14137606,0.66895165],
[-0.3757461,1.56818105],[0.41753063,0.16254900],[0.10398994,0.16775890],
[-0.0995915,1.06177840],[0.33663210,1.47492377],[0.84982720,0.18859851],
[0.02042098,0.02292357],[0.61278667,0.96852112],[0.29924599,0.97373102],
[-0.0604775,1.33529835],[0.57540056,0.46732837],[0.21567703,0.82889570],
[0.00424128,0.94872349],[0.95366006,0.07554360],[0.49183160,0.32249304],
[0.28039585,0.44232083],[-0.2367263,1.34155024],[0.41093308,1.63486782],
[0.03942821,0.83514758],[0.47565190,1.24829296],[-0.1976123,1.61507019],
[0.31558278,0.32874493],[0.75180647,0.74189030],[0.23468426,1.64111971],
[0.07854225,1.10866753],[0.51083883,1.13471705],[0.35469682,0.60226488],
[-0.3738611,1.62132207],[0.63085139,0.09586223],[0.41941564,0.21569001],
[-0.0977065,1.11491942],[0.54995287,1.40823701],[0.33851712,1.52806479],
[0.17844800,0.60851676],[0.02230600,0.07606459],[0.61467169,1.02166214],
[-0.0585925,1.38843937],[0.45460257,0.10211411],[0.37370405,1.41448889],
[0.21756204,0.88203672],[0.64985862,0.90808624],[0.49371661,0.37563406],
[-0.0234055,1.27486347],[-0.2348413,1.39469126],[0.04131322,0.88828860],
[-0.3184103,1.24985593],[0.99073201,0.01510872],[0.31746779,0.38188595],
[0.75369148,0.79503132],[-0.0422557,0.74345327],[0.08042726,1.16180855],
[-0.2792962,1.52337588],[0.67012252,0.65019600],[0.51272384,1.18785807],
[0.35658184,0.65540590],[0.15300031,1.54942540],[-0.1605403,1.55463530],
[0.94627709,0.14379334],[0.78887841,0.68145542],[0.63273641,0.14900325],
[0.11561420,1.04823265],[0.55183788,1.46137802],[0.39176877,0.54183000],
[0.18033301,0.66165778],[-0.1793905,1.02322511],[0.45648759,0.15525513],
[0.09676405,0.51682246],[0.37558906,1.46762991],[0.21944706,0.93517774],
[0.05937794,0.01562971],[0.37291863,0.01041980],[0.65174363,0.96122726],
[0.49560163,0.42877508],[0.29202010,1.32279458],[0.13587810,0.79034241],
[-0.0215205,1.32800449],[-0.1776625,0.79555231],[0.56817467,0.81639193],
[0.41203267,0.28393975],[0.25463399,0.82160183],[-0.1050895,1.18316916],
[0.33113415,1.59631453],[0.84432924,0.30998927],[0.53078856,0.31519918],
[0.01759346,1.60152444],[-0.1424756,0.68197641],[-0.0403707,0.79659429],
[0.60728872,1.08991188],[0.44989004,1.62757396],[-0.0777568,0.29540154],
[0.23578385,0.29019164],[0.15488532,1.60256642],[-0.3147973,1.07532415],
[0.43103989,1.09616376],[0.11749921,1.10137367],[-0.0386427,0.56892150],
[-0.2422243,1.46294100],[0.70719447,0.58976111],[0.55105246,0.05730894],
[0.39365378,0.59497101],[0.03393025,0.95653834],[-0.1222117,0.42408617],
[-0.2796104,0.96174825],[0.15661325,1.37489362],[0.66980835,0.08856836],
[0.31008482,0.45013569],[-0.0034558,0.45534559],[0.09864907,0.56996348],
[0.07304429,1.23005829],[0.37480364,0.06356082],[0.50534087,1.25610781],
[0.29390512,1.37593560],[0.19180018,1.26131772],[-0.1679233,1.62288504],
[0.57005969,0.86953295],[-0.1032045,1.23631018],[0.84621426,0.36313029],
[0.17295004,0.72990752],[0.01680804,0.19745535],[-0.1405906,0.73511743],
[0.44910461,0.22350487],[0.13556393,0.22871477],[0.36820609,1.53587965],
[0.21206409,1.00342748],[0.05466540,1.54108955],[0.05199497,0.08387945],
[0.64436066,1.02947700],[0.33081998,1.03468690],[-0.3424442,1.40146413],
[-0.2403393,1.51608202],[-0.0289035,1.39625423],[0.60697455,0.52828425],
[0.70907948,0.64290213],[0.24725102,0.88985157],[0.03581526,1.00967936],
[0.88312912,0.02188159],[0.52340559,0.38344892],[0.31196983,0.50327671],
[0.07100219,0.89610346],[-0.0851398,0.36365128],[0.50722588,1.30924883],
[-0.2034244,1.17483331],[0.11011624,1.16962341],[0.38627081,0.66322075],
[0.17483506,0.78304854],[0.07273012,0.66843066],[-0.2869934,1.02999799],
[0.66242538,0.15681810],[0.45098963,0.27664589],[-0.0108388,0.52359533],
[0.26798617,1.47440278],[0.37009110,1.58902067],[0.21002199,0.66947264],
[0.05387998,0.13702047],[0.64624568,1.08261801],[0.18441721,1.32956746],
[-0.0270185,1.44939525],[0.48617656,0.16306999],[0.40527803,1.47544477],
[0.24913603,0.94299259],[0.68143261,0.96904211],[0.52529060,0.43658994],
[-0.1479736,0.80336717],[0.59000942,0.05001507],[0.12818096,0.29696451],
[-0.0832547,0.41679230],[0.04728243,1.60933929],[0.34904178,0.44284182],
[0.32343700,1.10293664],[0.42554194,1.21755452],[0.11200125,1.22276443],
[-0.0480678,0.30321640],[0.70169651,0.71115187],[0.54429783,1.24881395],
[0.38815582,0.71636177],[-0.1289663,1.61559118],[-0.2851083,1.08313901],
[0.66431039,0.20995912],[0.14718818,1.10918852],[-0.0089538,0.57673635],
[0.26720075,0.07033370],[0.05576500,0.19016149],[0.18630223,1.38270848],
[0.48806157,0.21621100],[0.46245680,0.87630582],[0.25102104,0.99613361],
[-0.1087024,1.35770094],[0.09095193,0.07658558],[0.40449261,0.07137568],
[0.68331762,1.02218313],[0.52717562,0.48973096],[0.16745208,0.85129828],
[0.01005340,1.38896036],[-0.1460885,0.85650819],[0.59974866,0.87734780],
[0.44360666,0.34489563],[0.28620797,0.88255771],[0.13006597,0.35010553],
[0.36270813,1.65727041],[0.87590323,0.37094515],[0.56236255,0.37615505],
[0.32532202,1.15607766],[0.63886270,1.15086776],[-0.0461828,0.35635742],
[0.60147659,0.64967500],[-0.2832233,1.13628002],[0.66619541,0.26310014],
[0.14907320,1.16232954],[-0.0070688,0.62987737],[-0.2106503,1.52389687],
[0.73876845,0.65071699],[0.58262645,0.11826481],[0.42522777,0.65592689],
[0.26908576,0.12347472],[0.06550424,1.01749422],[-0.0906377,0.48504204],
[-0.2480364,1.02270412],[0.18818724,1.43584950],[0.70138234,0.14952424],
[0.50172792,1.43063959],[0.34165881,0.51109156],[0.02811812,0.51630147],
[0.46434181,0.92944684],[0.10461828,1.29101417],[0.61781338,0.00468891],
[0.74049638,0.42304419],[0.22337417,1.32227359],[0.53691486,1.31706369],
[0.38077285,0.78461151],[0.65692742,0.27820886],[-0.0716305,1.29726605],
[-0.3851712,1.30247596],[0.20452403,0.79086340],[0.04838202,0.25841123],
[-0.1090166,0.79607330],[-0.0325164,1.57078601],[0.48067860,0.28446075],
[0.16713792,0.28967065],[-0.1925856,0.65123798],[0.08623939,1.60204543],
[0.39978008,1.59683552],[0.24363807,1.06438335],[0.87951617,0.19641337],
[0.08356896,0.14483532],[0.36239396,1.09564277],[0.51979264,0.55798070],
[-0.3108702,1.46242001],[-0.2087653,1.57703789],[0.00267043,1.45721010],
[0.79594721,0.05157804],[0.63854853,0.58924012],[0.27882500,0.95080745],
[0.06738925,1.07063524],[0.55497957,0.44440479],[0.34354382,0.56423258],
[0.61969839,0.05782993],[-0.0535658,0.42460716],[0.53879987,1.37020471],
[0.38265786,0.83775253],[0.01115300,0.03803229],[0.65881244,0.33134988],
[-0.1718504,1.23578919],[-0.0697455,1.35040707],[0.14169022,1.23057928],
[0.10430411,0.72938653],[0.20640904,0.84400442],[0.41784480,0.72417663],
[-0.2554194,1.09095386],[0.69399937,0.21777398],[0.48256361,0.33760176],
[0.02073515,0.58455121],[-0.1907005,0.70437900],[0.40166509,1.64997654],
[0.08545397,0.19797634],[0.00455545,1.51035112],[0.79783223,0.10471906],
[0.28071002,1.00394847],[-0.3925541,1.37072570],[0.55686459,0.49754581],
[0.34542884,0.61737360],[-0.1163996,0.86432304],[0.62158341,0.11097095],
[0.15975494,0.35792039],[0.26185988,0.47253827],[-0.0516808,0.47774818],
[0.54068488,1.42334573],[0.35501099,1.16389251],[0.45711592,1.27851040],
[0.14357524,1.28372030],[-0.0164938,0.36417227],[0.73327049,0.77210775],
[0.41972981,0.77731765],[-0.2535344,1.14409488],[0.69588438,0.27091500],
[0.02262016,0.63769223],[-0.1888155,0.75752001],[0.29877474,0.13128957],
[0.08733898,0.25111736],[0.21787621,1.44366435],[0.00644046,1.56349214],
[0.00377002,0.10628203],[-0.1536286,0.64394411],[0.49403078,0.93726170],
[0.28259503,1.05708949],[-0.0771284,1.41865681],[0.12252591,0.13754146],
[-0.3906691,1.42386672],[0.77018535,0.43085904],[0.55874960,0.55068683],
[0.19902607,0.91225416],[0.04162739,1.44991624],[-0.1145146,0.91746406],
[0.83490417,0.04428418],[0.47518064,0.40585150],[0.31778196,0.94351358],
[0.16163996,0.41106141],[0.59393653,0.43711093],[0.22635878,0.02448654],
[0.35689601,1.21703353],[-0.3163682,1.58381077],[-0.0146088,0.41731329],
[0.63305058,0.71063088],[-0.2516493,1.19723590],[0.90920515,0.20422823],
[0.69776939,0.32405601],[0.33804586,0.68562334],[0.18064718,1.22328542],
[0.02450518,0.69083325],[-0.1790763,1.58485275],[0.61420043,0.17922069],
[0.45680175,0.71688276],[0.30065975,0.18443059],[0.09707822,1.07845009],
[-0.0590637,0.54599792],[-0.2164624,1.08366000],[0.21976123,1.49680537],
[0.73295633,0.21048011],[0.53330191,1.49159547],[0.37323279,0.57204744],
[0.21709079,0.03959526],[0.49591580,0.99040272],[-0.1773484,1.35717995],
[0.64938737,0.06564478],[0.13619227,1.35197004],[0.77207037,0.48400006],
[0.56848884,1.37801956],[0.41234684,0.84556739],[0.04084197,0.04584715],
[-0.0400565,1.35822193],[-0.1961985,0.82576976],[-0.3535972,1.36343183],
[0.23609802,0.85181927],[0.07995601,0.31936710],[-0.0774426,0.85702918],
[-0.3144831,1.63695178],[0.51225259,0.34541662],[0.19871190,0.35062652],
[-0.0009425,1.63174188],[0.63493559,0.76377190],[-0.1610116,0.71219385],
[-0.0383286,1.13054913],[0.43135406,1.65779140],[0.27521206,1.12533923],
[-0.3980521,1.49211646],[0.91109016,0.25736925],[-0.0962928,0.32561899],
[0.11514294,0.20579120],[0.39396795,1.15659865],[0.55136663,0.61893657],
[0.03424442,1.51816598],[-0.1218975,0.98571380],[0.82752120,0.11253392],
[0.31039899,1.01176332],[0.09896324,1.13159111],[0.37511781,0.62518846],
[0.21897580,0.09273628],[-0.2981464,0.99196569],[0.13807728,1.40511106],
[0.65127238,0.11878580],[-0.0219918,0.48556303],[0.41423185,0.89870841],
[-0.2590323,1.26548564],[0.04272698,0.09898817],[0.69038642,0.39230575],
[-0.1402764,1.29674506],[0.17326421,1.29153516],[0.01712221,0.75908299],
[0.80914231,0.42356518],[0.44941878,0.78513251],[0.23798303,0.90496029],
[-0.2238454,1.15190974],[0.21237825,1.56505511],[0.72557335,0.27872985],
[0.51413760,0.39855764],[-0.1591266,0.76533487],[-0.3961671,1.54525748],
[0.11702796,0.25893222],[-0.1200125,1.03885482],[0.03612943,1.57130700],
[0.82940622,0.16567494],[0.31228400,1.06490434],[0.15614200,0.53245217],
[-0.3609802,1.43168157],[0.58843857,0.55850169],[0.37700282,0.67832948],
[-0.0848256,0.92527892],[-0.2962613,1.04510671],[0.35139805,1.33842429],
[0.86459315,0.05209903],[0.65315739,0.17192682],[0.19132893,0.41887626],
[0.29343386,0.53349415],[-0.0201068,0.53870405],[0.25604775,0.03230140],
[0.38658498,1.22484839],[0.48868991,1.33946627],[0.17514923,1.34467618],
[0.45130380,0.83827352],[0.29516179,0.30582135],[-0.2219604,1.20505076],
[0.21426327,1.61819613],[0.72745837,0.33187087],[0.05419415,0.69864810],
[-0.1572415,0.81847589],[0.49041784,1.11179348],[0.33034872,0.19224545],
[0.11891297,0.31207324],[0.24945020,1.50462023],[0.03801445,1.62444802],
[0.03534401,0.16723791],[0.52560477,0.99821757],[0.62770970,1.11283546],
[0.31416902,1.11804536],[-0.1476594,1.36499480],[-0.3590951,1.48482259],
[0.15409990,0.19849733],[-0.0455545,1.47961269],[0.80175934,0.49181492],
[0.59032359,0.61164271],[-0.0829406,0.97841994],[0.23060006,0.97321003],
[0.86647816,0.10524005],[0.34935595,1.00446946],[0.19321394,0.47201728],
[0.62943763,0.88516266],[0.25793276,0.08544242],[0.38846999,1.27798941],
[-0.2847942,1.64476664],[0.66462456,0.77158676],[0.45318881,0.89141454],
[-0.0086396,1.13836399],[-0.2200754,1.25819177],[0.09346528,1.25298187],
[0.72934338,0.38501189],[0.26751492,0.63196133],[0.05607917,0.75178912],
[0.36961985,0.74657922],[-0.4610430,1.65101852],[-0.3036443,1.11335645],
[0.64577442,0.24017656],[0.48837574,0.77783864],[0.33223374,0.24538647],
[-0.1848884,1.14461587],[-0.0274897,0.60695379],[0.25133521,1.55776125],
[0.76453031,0.27143599],[0.40480678,0.63300331],[0.52748978,1.05135859],
[0.16776625,1.41292592],[-0.1457744,1.41813582],[0.80364436,0.54495594],
[0.13038014,0.91173317],[0.40653471,0.40533051],[0.19509896,0.52515830],
[0.50863964,0.51994840],[-0.3220232,1.42438771],[-0.1646245,0.88672563],
[0.78479421,0.01354575],[0.62739553,0.55120782],[0.47125353,0.01875565],
[-0.0458686,0.91798505],[0.11153000,0.38032298],[0.39035501,1.33113043],
[0.90355010,0.04480517],[0.54382657,0.40637250],[0.23028589,0.41158240],
[0.66650958,0.82472777],[-0.1294376,0.77314973],[0.30678605,1.18629510],
[-0.0067546,1.19150501],[-0.3664781,1.55307233],[0.14671693,0.26674707],
[0.26939993,0.68510235],[0.58294062,0.67989245],[0.06581841,1.57912185],
[-0.0903235,1.04666968],[0.54555450,0.17869970],[0.85909519,0.17348979],
[-0.0256047,0.66009481],[0.46465598,1.49107448],[0.25054979,0.15369216],
[-0.2665724,1.05292156],[0.38108702,1.34623915],[0.16965127,1.46606694],
[0.68284637,0.17974168],[0.36930568,0.18495158],[0.00958215,0.54651891],
[0.44580584,0.95966428],[0.13226515,0.96487419],[-0.2274583,1.32644151],
[0.28573672,0.04011625],[0.40841972,0.45847153],[0.72196041,0.45326163],
[0.20483820,1.35249103],[0.04869619,0.82003886],[0.84071630,0.48452105],
[0.32485076,0.31363621],[0.48099277,0.84608838],[0.60367577,1.26444366],
[0.24395224,1.62601099],[-0.1275526,0.82629075],[0.52010681,1.11960833],
[-0.3645931,1.60621335],[0.14860194,0.31988809],[0.58482563,0.73303347],
[0.06770342,1.63226287],[-0.0884385,1.09981070],[0.86098020,0.22663081],
[0.34385799,1.12586022],[0.18771599,0.59340804],[-0.3294062,1.49263745],
[0.46387056,0.08700539],[0.30647188,0.62466747],[0.62001256,0.61945756],
[-0.0532516,0.98623479],[-0.2646874,1.10606258],[0.38297203,1.39938017],
[0.89616713,0.11305491],[0.01146716,0.59965993],[0.65912661,0.89297751],
[0.28762174,0.09325727],[0.20672321,1.40563205],[0.05058121,0.87317988],
[0.48287778,0.89922940],[0.32673578,0.36677723],[-0.1903864,1.26600663],
[-0.4018221,1.38583442],[0.75903235,0.39282675],[0.08576814,0.75960398],
[-0.1256676,0.87943176],[0.52199183,1.17274935],[0.36192271,0.25320132],
[0.15048696,0.37302911],[0.79814640,0.66634670],[-0.2092365,0.73459644],
[0.28102419,1.56557610],[0.55717876,1.05917345],[0.34574300,1.17900124],
[-0.3275212,1.54577847],[-0.0139805,1.54056856],[0.62189758,0.67259858],
[0.46575557,0.14014641],[-0.0513666,1.03937581],[0.89805215,0.16619593],
[0.22478793,0.53297316],[0.01335218,0.65280095],[0.66101162,0.94611853],
[0.50094250,0.02657050],[0.28950675,0.14639829],[-0.0702167,0.50796562],
[0.42004398,1.33894528],[0.20860823,1.45877307],[0.20593779,0.00156297],
[0.69619855,0.83254263],[0.48476280,0.95237042],[0.02293433,1.19931986],
[-0.1885014,1.31914765],[0.12503927,1.31393775],[0.76091737,0.44596776],
[0.08765315,0.81274500],[0.40119384,0.80753509],[-0.2720703,1.17431232],
[0.36380772,0.30634234],[0.67734841,0.30113244],[0.28290920,1.61871712],
[-0.0333019,0.16671692],[0.55906377,1.11231447],[0.19934024,1.47388179],
[-0.1142004,1.47909170],[0.16195413,0.97268904],[-0.0494816,1.09251683],
[-0.4092051,1.45408416],[0.43810870,0.46628639],[0.22667295,0.58611418],
[0.54021363,0.58090427],[-0.2904492,1.48534358],[-0.1330505,0.94768151],
[0.50282752,0.07971152],[0.81636820,0.07450162],[-0.0142946,0.97894093],
[0.14310398,0.44127885],[0.42192899,1.39208630],[-0.3740182,1.34050826],
[0.93512409,0.10576104],[0.69808356,0.88568365],[-0.0978636,0.83410560],
[0.33836003,1.24725098],[0.02481935,1.25246088],[-0.3349041,1.61402821],
[0.61451460,0.74084832],[0.30097392,0.74605823],[0.09739239,1.64007773],
[0.89066918,0.23444567],[0.57712849,0.23965557],[0.00596921,0.72105069],
[0.49622997,1.55203035],[-0.0314169,0.21985794],[0.28212378,0.21464803],
[-0.2349984,1.11387744],[0.20122525,1.52702281],[0.40087967,0.24590746],
[0.04115614,0.60747478],[0.47737983,1.02062016],[0.16383914,1.02583006],
[-0.1958843,1.38739739],[0.31731071,0.10107213],[0.75353440,0.51421750],
[0.59613572,1.05187958],[0.43999371,0.51942741],[0.23641218,1.41344691],
[0.08027018,0.88099474],[-0.2332704,0.88620464],[0.71614828,0.01302475],
[0.51256676,0.90704426],[0.35642475,0.37459208],[-0.0959786,0.88724662],
[0.55168080,1.18056421],[0.34024505,1.30039200],[-0.1215834,1.54734144],
[0.18017593,0.38084397],[0.61639962,0.79398934],[-0.0568645,1.16076657],
[0.89255419,0.28758669],[0.37543198,1.18681609],[0.21928997,0.65436392],
[-0.0942507,0.65957382],[-0.2978322,1.55359332],[0.65158655,0.68041344],
[0.49544454,0.14796126],[-0.0216776,1.04719067],[0.41454602,1.46033604],
[0.92774112,0.17401078],[0.10100534,1.46554595],[0.04304115,0.66061580],
[0.69070059,0.95393339],[0.01743638,1.32071062],[-0.1939993,1.44053841],
[0.31919572,0.15421315],[0.75541941,0.56735852],[0.23829720,1.46658793],
[0.08215519,0.93413576],[0.51445177,0.96018527],[0.35830977,0.42773310],
[-0.1588124,1.32696251],[0.79060634,0.45378262],[0.11734213,0.82055985],
[-0.0387998,0.28810768],[0.55356581,1.23370523],[-0.1196983,1.60048246],
[0.39349670,0.31415720],[0.18206094,0.43398499],[0.31259817,1.62653198],
[0.15645617,1.09407980],[0.37731699,1.23995711],[0.22117499,0.70750494],
[-0.2959472,1.60673434],[0.65347156,0.73355446],[0.49732956,0.20110228],
[-0.0197926,1.10033169],[0.41643103,1.51347706],[0.92962613,0.22715180],
[0.25636192,0.59392903],[0.10021991,0.06147686],[0.69258561,1.00707441],
[0.01932139,1.37385164],[0.53251649,0.08752638],[0.32108074,0.20735417],
[0.45161797,1.39990116],[0.29547596,0.86744899],[0.23751178,0.06251884],
[0.72777254,0.89349851],[0.51633678,1.01332629],[-0.1569274,1.38010352],
[0.79249136,0.50692364],[0.11922714,0.87370087],[-0.0369148,0.34124870],
[0.43276782,0.86849097],[-0.2404963,1.23526820],[-0.1178133,1.65362348],
[0.39538171,0.36729822],[0.70892240,0.36208831],[0.15834118,1.14722082],
[-0.0017279,0.22767279],[0.74803644,0.63560826],[0.59063776,1.17327034],
[0.43449575,0.64081817],[-0.0826264,1.54004757],[0.19352811,1.03364492],
[-0.0179076,1.15347271],[-0.3776311,1.51504003],[0.25824693,0.64707005],
[0.10210493,0.11461788],[0.57178762,0.64186015],[-0.1014765,1.00863738],
[0.53440150,0.14066740],[0.84794219,0.13545750],[-0.1388627,0.50744463],
[0.17467797,0.50223473],[0.45350298,1.45304218],[0.29736098,0.92059001],
[0.13729186,0.00104198],[0.57351555,0.41418735],[0.36993402,1.30820685],
[0.21379202,0.77575468],[0.05639333,1.31341676],[0.64608859,0.80180420],
[0.48994659,0.26935202],[0.33254791,0.80701410],[-0.3407163,1.17379133],
[-0.2386113,1.28840922],[0.40904806,1.58172680],[0.60870248,0.30061145],
[0.71080741,0.41522933],[0.03754319,0.78200656],[0.00015708,0.28081381],
[0.31369776,0.27560391],[0.23279924,1.58797869],[0.43245366,0.30686333],
[-0.0807414,1.59318859],[0.71253534,0.18755653],[0.50895381,1.08157603],
[0.19541313,1.08678594],[-0.1643103,1.44835327],[0.78510838,0.57517338],
[0.62896638,0.04272121],[0.47156770,0.58038328],[0.11184417,0.94195061],
[-0.2016965,0.94716051],[0.54806786,1.35509599],[0.74772227,0.07398063],
[0.38799874,0.43554796],[0.17656299,0.55537575],[0.07445805,0.44075786],
[0.45271756,0.04897309],[0.26971410,1.24672999],[0.37181903,1.36134787],
[0.58325479,1.24152008],[-0.1017907,0.44700975],[0.64797360,0.85494522],
[-0.0252906,1.22172245],[-0.3388312,1.22693235],[0.25086396,0.71531979],
[-0.0626767,0.72052970],[-0.2662582,1.61454920],[0.68316054,0.74136931],
[0.52701853,0.20891714],[0.21347785,0.21412704],[-0.1462456,0.57569437],
[0.13257932,1.52650182],[0.44612001,1.52129192],[0.12990889,0.06929172],
[0.40873389,1.02009917],[0.04901036,1.38166650],[-0.1624253,1.50149428],
[0.68488846,0.51369651],[0.78699340,0.62831440],[0.32516493,0.87526384],
[0.11372918,0.99509163],[0.60131950,0.36886119],[0.38988375,0.48868898],
[-0.1272384,1.38791838],[0.82218033,0.51473850],[0.14891611,0.88151573],
[-0.0072258,0.34906355],[0.58513980,1.29466110],[0.18803016,1.15503568],
[0.82390826,0.28706570],[0.46418473,0.64863302],[0.25274897,0.76846081],
[0.74033930,0.14223037],[0.52890355,0.26205816],[0.01178133,1.16128756],
[-0.1443606,0.62883539],[0.44800502,1.57443294],[0.28793590,0.65488491],
[0.13179390,0.12243274],[0.05089538,1.43480752],[0.56409048,0.14848225],
[0.48319195,1.46085703],[0.32704995,0.92840486],[0.60320452,0.42200221],
[-0.1253534,1.44105940],[0.82406534,0.56787951],[0.66792334,0.03542734],
[0.15080113,0.93465675],[-0.0053408,0.40220457],[0.58702481,1.34780212],
[0.42695570,0.42825409],[0.50345585,1.20296679],[0.18991517,1.20817670],
[0.02984605,0.28862867],[0.62221174,1.23422622],[0.46606974,0.70177404],
[-0.0510524,1.60100345],[0.74222431,0.19537139],[0.22510210,1.09460079],
[0.01366635,1.21442858],[-0.3460571,1.57599591],[0.28982092,0.70802593],
[0.13367891,0.17557375],[-0.0699026,1.06959326],[0.05278039,1.48794853],
[0.56597549,0.20162327],[0.20625196,0.56319060],[0.05010995,0.03073843],
[-0.1072887,0.56840050],[0.48507697,1.51399805],[0.32893496,0.98154588],
[-0.0307885,1.34311321],[0.48240653,0.05678795],[0.16886584,0.06199785],
[-0.3443292,1.34832311],[0.60508953,0.47514323],[0.40150801,1.36916273],
[0.24536600,0.83671055],[0.08796732,1.37437263],[0.67766258,0.86276007],
[0.36412189,0.86796998],[-0.3091423,1.23474721],[-0.2070373,1.34936509],
[0.44062205,1.64268268],[0.64027646,0.36156732],[0.06911718,0.84296244],
[-0.2444234,0.84817234],[-0.4814640,1.62809495],[0.34527175,0.33655978],
[0.03173107,0.34176969],[0.46795475,0.75491506],[0.26437323,1.64893456],
[-0.0491674,1.65414447],[-0.2053094,1.12169229],[0.74410933,0.24851241],
[-0.0518378,0.19693436],[0.54052780,1.14253191],[0.38438579,0.61007974],
[0.22698711,1.14774181],[-0.1327364,1.50930914],[-0.2888784,0.97685697],
[-0.4462770,1.51451904],[0.66054037,0.10367708],[0.50314169,0.64133916],
[0.14341815,1.00290649],[-0.0680175,1.12273427],[-0.1701225,1.00811639],
[0.77929626,0.13493650],[0.41957273,0.49650383],[0.20813697,0.61633162],
[0.10603204,0.50171374],[0.48429154,0.10992897],[0.40339302,1.42230375],
[0.67954759,0.91590109],[0.00628338,1.28267832],[-0.1498586,0.75022615],
[-0.3072573,1.28788823],[0.64216148,0.41470834],[0.28243795,0.77627567],
[-0.0311027,0.78148557],[0.04539742,1.55619827],[0.55859252,0.26987301],
[0.34715677,0.38970080],[0.24505183,0.27508292],[-0.1146716,0.63665025],
[0.16415331,1.58745770],[0.47769399,1.58224779],[0.16148287,0.13024759],
[-0.0499528,0.25007538],[0.44030788,1.08105504],[0.54241281,1.19567293],
[0.08058435,1.44262237],[-0.1308513,1.56245016],[0.71646245,0.57465239],
[0.35673892,0.93621972],[0.14530317,1.05604751],[-0.0147659,0.13649948],
[0.42145774,0.54964485],[-0.0956644,1.44887426],[-0.2518064,0.91642208],
[0.69761231,0.04324220],[0.38407163,0.04845210],[0.02434809,0.41001943],
[0.08906691,0.02344456],[-0.0939365,1.22120146],[0.00816839,1.33581934],
[0.21960414,1.21599155],[-0.4536600,1.58276878],[0.85548224,0.34802157],
[0.49575871,0.70958890],[0.28432296,0.82941669],[-0.1775054,1.07636613],
[0.77191328,0.20318625],[0.56047753,0.32301403],[0.04335532,1.22224344],
[-0.1127866,0.68979126],[0.47957901,1.63538881],[0.31950989,0.71584078],
[0.16336789,0.18338861],[0.08246936,1.49576339],[0.59566446,0.20943813],
[0.51476594,1.52181291],[0.35862393,0.98936074],[-0.3146402,1.35613797],
[-0.0128809,0.18964050],[0.63477851,0.48295808],[0.42334275,0.60278587],
[-0.0384857,0.84973531],[-0.2499214,0.96956310],[0.69949732,0.09638322],
[0.18237511,0.99561262],[0.02623311,0.46316045],[0.15677034,1.65570744],
[0.45852968,0.48920997],[-0.2147345,0.85598720],[0.53502984,1.26392267],
[0.22148916,1.26913257],[-0.4517750,1.63590980],[0.06142004,0.34958454],
[0.49764373,0.76272992],[-0.1756204,1.12950715],[0.77379830,0.25632726],
[0.10053408,0.62310450],[-0.1109016,0.74293228],[0.32139491,0.76898180],
[0.16525290,0.23652963],[0.29579013,1.42907662],[0.08435438,1.54890441],
[0.59754948,0.26257915],[0.23782595,0.62414648],[-0.0757147,0.62935638],
[0.51665095,1.57495393],[0.36050895,1.04250176],[-0.3127552,1.40927899],
[0.20043983,0.12295373],[0.00078542,1.40406908],[0.63666352,0.53609910],
[-0.0366006,0.90287633],[0.43308199,1.43011860],[0.11954131,1.43532851],
[0.91281809,0.02969645],[0.70923656,0.92371595],[0.39569588,0.92892585],
[0.23955387,0.39647368],[0.30427269,0.00989881],[-0.2128495,0.90912822],
[0.43480992,1.20244580],[0.73656927,0.03594833],[0.37684574,0.39751566],
[0.06330505,0.40272556],[0.49952874,0.81587094],[-0.1737354,1.18264817],
[0.77568331,0.30946828],[-0.0202639,0.25789024],[0.10241910,0.67624551],
[0.57210179,1.20348778],[0.41595978,0.67103561],[0.25856110,1.20869769],
[-0.4147031,1.57547492],[-0.1011624,1.57026502],[-0.2573044,1.03781284],
[0.69211435,0.16463296],[0.53471567,0.70229503],[0.37857367,0.16984286],
[-0.1385485,1.06907226],[0.17499214,1.06386236],[0.29767514,1.48221764],
[0.81087024,0.19589238],[0.45114671,0.55745971],[0.57382972,0.97581499],
[0.21410618,1.33738231],[0.51586553,0.17088484],[0.20232485,0.17609475],
[-0.1573986,0.53766207],[-0.0347156,0.95601735],[0.11875589,0.03125942],
[0.24143889,0.44961470],[-0.2756833,1.34884410],[0.03785736,1.34363420],
[-0.1182846,0.81118202],[0.67373546,0.47566422],[0.00047125,0.84244145],
[0.31401193,0.83723154],[0.15786993,0.30477937],[0.43669494,1.25558682],
[-0.3592522,1.20400877],[0.07697141,1.61715415],[0.59016650,0.33082889],
[0.27662582,0.33603879],[0.71284951,0.74918417],[-0.0830977,0.69760612],
[0.35312598,1.11075150],[0.19572730,1.64841357],[0.19305686,0.19120347],
[-0.0183788,0.31103125],[0.47188187,1.14201092],[0.62928055,0.60434884],
[0.11215834,1.50357825],[-0.0992774,1.62340603],[0.38831291,0.99717559],
[0.17687715,1.11700338],[0.45303173,0.61060073],[0.29688972,0.07814855],
[-0.2202324,0.97737796],[0.21599120,1.39052333],[0.72918630,0.10419807],
[0.41564561,0.10940798],[0.05592208,0.47097530],[-0.1555136,0.59080309],
[0.49214577,0.88412068],[0.12064090,0.08440044],[0.61090166,0.91538010],
[0.76830034,0.37771802],[0.25117813,1.27694743],[-0.0623625,1.28215733],
[0.03974238,1.39677522],[-0.4220860,1.64372466],[0.52733270,0.77054477],
[0.31589695,0.89037256],[-0.1459315,1.13732201],[-0.3573672,1.25714979],
[0.80348727,0.26414212],[0.59205152,0.38396991],[-0.0812126,0.75074714],
[0.19494187,0.24434449],[0.63116556,0.65748986],[0.11404335,1.55671927],
[0.90732013,0.15108721],[0.39019792,1.05031661],[0.17876217,1.17014440],
[-0.2830662,1.41709384],[0.35281181,0.54912386],[0.45491674,0.66374175],
[0.66635249,0.54391396],[-0.0069117,0.91069119],[0.09519321,1.02530907],
[-0.2183474,1.03051898],[0.94250706,0.03751130],[0.73107131,0.15733909],
[0.26924285,0.40428853],[0.05780710,0.52411632],[0.33396167,0.01771367],
[-0.1831605,0.91694307],[0.25306314,1.33008845],[0.76625824,0.04376319],
[0.52921771,0.82368579],[-0.1440464,1.19046302],[-0.3554822,1.31029081],
[0.80537229,0.31728314],[0.13210807,0.68406037],[-0.0793276,0.80388816],
[0.40826264,0.17765772],[0.51036757,0.29227560],[0.19682689,0.29748550],
[-0.3202953,1.19671491],[0.32736412,1.49003250],[0.11592836,1.60986028],
[-0.0441407,0.69031226],[0.60351869,0.98362984],[0.39208294,1.10345763],
[-0.2811812,1.47023486],[0.23201382,0.18390960],[0.03235940,1.46502496],
[0.66823751,0.59705498],[0.15111530,1.49628438],[-0.0050267,0.96383221],
[0.94439208,0.09065232],[0.42726987,0.98988173],[0.27112786,0.45742955],
[0.05969211,0.57725734],[0.33584668,0.07085469],[-0.0238768,0.43242201],
[-0.1812755,0.97008409],[0.46638391,1.26340168],[0.25494816,1.38322947],
[0.09487904,0.46368144],[0.74253848,0.75699902],[0.53110273,0.87682681],
[-0.1421614,1.24360404],[0.17137920,1.23839414],[0.80725730,0.37042416],
[0.01131008,0.31884611],[0.29013509,1.26965356],[0.13399308,0.73720139],
[0.44753377,0.73199149],[-0.3831291,1.63643079],[-0.0695884,1.63122089],
[-0.2257304,1.09876872],[0.56628966,0.76325091],[0.41014765,0.23079874],
[0.72368834,0.22558883],[0.20656613,1.12481824],[0.32924913,1.54317352],
[0.84244423,0.25684825],[0.60540370,1.03677086],[0.23389883,0.23705062],
[-0.1258246,0.59861795],[-0.0031416,1.01697323],[-0.3628652,1.37854055],
[0.15032987,0.09221529],[0.42915488,1.04302275],[0.27301288,0.51057057],
[0.58655356,0.50536067],[-0.2441093,1.40979998],[0.06943135,1.40459007],
[-0.0867106,0.87213790],[0.70530945,0.53662009],[0.54916745,0.00416792],
[0.03204524,0.90339732],[0.34558592,0.89818742],[0.18944392,0.36573525],
[0.46826892,1.31654270],[-0.3276782,1.26496465],[0.98146402,0.03021744],
[0.30819981,0.39699467],[0.62174049,0.39178476],[0.74442349,0.81014004],
[-0.0515237,0.75856200],[-0.2629594,0.87838978],[0.38469996,1.17170737],
[-0.2885642,1.53848460],[0.01319509,0.37198713],[0.66085453,0.66530472],
[0.14373232,1.56453412],[0.93700911,0.15890206],[0.20845114,1.17795926],
[0.05230914,0.64550708],[-0.4648130,1.54473649],[0.17106503,0.67676651],
[0.48460571,0.67155660],[0.32846371,0.13910443],[-0.1886584,1.03833383],
[0.24756519,1.45147921],[0.44721960,0.17036385],[-0.0659754,1.45668911],
[0.76076028,0.16515395],[0.08749607,0.53193118],[-0.1239396,0.65175897],
[0.52371976,0.94507655],[0.36632108,1.48273863],[-0.1495444,1.31185378],
[0.36365064,0.02552852],[0.15221489,0.14535631],[0.79987433,0.43867390],
[0.64247565,0.97633598],[0.28275212,1.33790330],[0.07131636,1.45773109],
[0.55890669,0.83150065],[0.34747093,0.95132844],[-0.3257932,1.31810567],
[0.62362551,0.44492578],[-0.0496387,0.81170301],[-0.2866792,1.59162562],
[-0.0870248,0.31051026],[0.01508011,0.42512815],[0.22651586,0.30530036],
[0.66273955,0.71844574],[0.14561734,1.61767514],[-0.0105246,1.08522297],
[0.42177191,1.11127249],[0.10823122,1.11648239],[0.21033616,1.23110027],
[-0.2514923,1.47804972],[-0.4629280,1.59787751],[0.69792648,0.60486983],
[0.48649073,0.72469762],[0.02466226,0.97164706],[-0.1867734,1.09147485],
[0.76264530,0.21829497],[0.08938108,0.58507220],[0.36553565,0.07866954],
[0.28463713,1.39104432],[0.12849513,0.85859215],[0.56079170,0.88464167],
[-0.1124725,1.25141890],[-0.3239082,1.37124669],[0.83694627,0.37823901],
[0.62551052,0.49806680],[0.16368206,0.74501625],[-0.0477536,0.86484403],
[0.43983663,0.23861359],[0.54194156,0.35323148],[0.22840087,0.35844138],
[0.35893810,1.55098837],[-0.0125667,0.75126813],[0.63509267,1.04458572],
[0.42365692,1.16441351],[-0.2496072,1.53119074],[0.69981149,0.65801085],
[0.18268928,1.55724026],[0.02654728,1.02478808],[0.46277097,1.43793346],
[0.30270185,0.51838543],[0.09126610,0.63821322],[0.57885642,0.01198277],
[0.36742067,0.13181056],[-0.0944077,0.37876000],[0.00769714,0.49337789],
[0.49795790,1.32435755],[0.28652214,1.44418534],[0.12645303,0.52463731],
[0.56267672,0.93778269],[0.10084825,1.18473213],[-0.1105874,1.30455992],
[0.40260760,0.01823466],[0.20295318,1.29935001],[0.83883129,0.43138003],
[0.32170907,1.33060944],[0.16556707,0.79815726],[0.47910775,0.79294736],
[0.59786365,0.82420678],[0.44172164,0.29175461],[0.75526233,0.28654471],
[0.36082312,1.60412939],[0.04461200,0.15212919],[0.63697769,1.09772674],
[-0.0362865,1.46450397],[-0.2477222,1.58433176],[0.26547282,0.29800650],
[0.23986804,0.95810131],[0.02843229,1.07792910],[0.34197298,1.07271920],
[-0.3312912,1.43949643],[0.18190386,0.15317117],[0.46072887,1.10397862],
[0.30458686,0.57152645],[0.61812755,0.56631654],[-0.0551366,0.93309377],
[-0.2125353,1.47075585],[0.73688344,0.59757597],[0.58074143,0.06512379],
[0.89428212,0.05991389],[0.06361922,0.96435320],[-0.0925227,0.43190102],
[0.37715991,0.95914329],[0.49984291,1.37749857],[-0.2961043,1.32592052],
[0.22101790,0.42669112],[0.65331448,0.45274064],[0.41627395,1.23266325],
[0.10273327,1.23787315],[0.69242852,0.72626059],[0.37888784,0.73147050],
[-0.1922714,1.21286561],[0.75714734,0.33968573],[0.08388312,0.70646296],
[-0.0735155,1.24412503],[-0.4332390,1.60569236],[0.04649701,0.20527021],
[0.20263901,0.73772238],[0.51617970,0.73251248],[0.36003770,0.20006030],
[-0.1570845,1.09928971],[0.27913917,1.51243508],[0.47879359,0.23131973],
[-0.0344015,1.51764499],[0.79233427,0.22610982],[0.11907005,0.59288705],
[0.55529374,1.00603243],[0.39789506,1.54369451],[0.24175306,1.01124233],
[-0.1179704,1.37280966],[0.39522463,0.08648440],[0.83144831,0.49962977],
[0.67404963,1.03729185],[0.51790763,0.50483968],[0.31432610,1.39885918],
[0.15818410,0.86640701],[0.43433867,0.36000435],[0.22290292,0.47983214],
[-0.2942192,1.37906154],[0.65519949,0.50588166],[-0.0180647,0.87265889],
[0.41815896,1.28580426],[-0.2551052,1.65258150],[-0.0554508,0.37146614],
[0.25808985,0.36625624],[0.69431354,0.77940161],[0.02104932,1.14617884],
[0.45334590,1.17222836],[0.29720389,0.63977619],[0.13980521,1.17743826],
[-0.2199183,1.53900559],[0.72950047,0.66582571],[0.57335846,0.13337353],
[-0.1551994,1.15243073],[0.49245994,1.44574831],[0.79421928,0.27925084],
[0.12095507,0.64602807],[-0.1160854,1.42595068],[0.39710964,0.13962542],
[0.31621112,1.45200020],[0.16006911,0.91954802],[0.0,0.0],
[0.59236569,0.94559754],[0.43622368,0.41314537],[-0.0808985,1.31237477],
[-0.2923342,1.43220256],[-0.3944392,1.31758468],[0.19525604,0.80597212],
[-0.0161797,0.92579991],[0.63147973,1.21911750],[0.93323908,0.05262002],
[0.25997486,0.41939725],[0.39051209,1.61194425],[0.45523091,1.22536938],
[0.29908890,0.69291721],[-0.2180333,1.59214661],[0.73138548,0.71896673],
[0.57524348,0.18651455],[0.05812126,1.08574396],[-0.1533144,1.20557175],
[0.49434495,1.49888933],[0.33427584,0.57934130],[0.12284008,0.69916909],
[-0.2368834,1.06073642],[0.61043041,0.07293865],[0.39899465,0.19276644],
[0.03927112,0.55433376],[0.52953188,1.38531343],[0.31809613,1.50514122],
[0.00188501,0.05314101],[0.31542569,0.04793111],[0.59425070,0.99873856],
[0.23452717,1.36030589],[-0.0790135,1.36551579],[0.51068174,0.85390324],
[0.19714106,0.85911314],[0.47329563,0.35271049],[0.78683631,0.34750058],
[-0.1999685,0.71948772],[0.07618598,0.21308506],[0.17829092,0.32770295],
[-0.0047125,1.52545984],[-0.2161482,1.64528763],[0.27144203,1.01905719],
[0.37354696,1.13367507],[0.06000628,1.13888498],[-0.2997172,1.50045230],
[0.64970153,0.62727242],[0.33616085,0.63248232],[-0.0235626,0.99404965],
[-0.1809613,1.53171173],[0.76845743,0.65853184],[0.61231542,0.12607967],
[0.92585611,0.12086976],[0.25259189,0.48764700],[-0.0609487,0.49285690],
[0.53141690,1.43845445],[-0.2645303,1.38687640],[0.44784794,1.29361912],
[0.13430725,1.29882902],[0.72400251,0.78721647],[0.41046182,0.79242637],
[-0.1606974,1.27382149],[0.68661639,0.28602372],[0.78872133,0.40064160],
[0.11545711,0.76741883],[-0.0419415,1.30508091],[-0.1980835,0.77262874],
[0.39161168,0.26101618],[0.23421300,0.79867826],[0.07807100,0.26622608],
[-0.1255105,1.16024558],[0.31071316,1.57339096],[-0.0028275,1.57860086],
[0.15064404,0.65384293],[-0.0054979,0.12139075],[0.58686773,1.06698830],
[0.42946905,1.60465038],[0.27332704,1.07219821],[-0.0863964,1.43376553],
[-0.3999371,1.43897544],[0.54948162,0.56579555],[0.34590009,1.45981505],
[0.18975808,0.92736288],[0.82563619,0.05939290],[0.46591266,0.42096023],
[0.25447690,0.54078801],[-0.2626453,1.44001742],[0.53063147,0.03438536],
[0.01350926,0.93361476],[0.44973295,1.34676014],[0.96292805,0.06043488],
[0.28966383,0.42721211],[0.72588752,0.84035749],[0.05262331,1.20713472],
[-0.2609173,1.21234462],[0.68850141,0.33916474],[0.48491988,1.23318424],
[0.32877788,0.70073206],[-0.1883443,1.59996147],[0.76107445,0.72678158],
[0.60493245,0.19432941],[-0.1236255,1.21338660],[0.52403393,1.50670419],
[0.15252906,0.70698395],[-0.0036129,0.17453177],[0.58875274,1.12012932],
[-0.0845114,1.48690655],[0.42868363,0.20058129],[0.34778510,1.51295607],
[0.19164310,0.98050390],[0.03157398,0.06095587],[0.62393967,1.00655342],
[0.46779767,0.47410125],[-0.0493245,1.37333065],[-0.2054665,0.84087848],
[0.22683003,0.86692800],[0.01539428,0.98675578],[-0.0102104,1.64685060],
[0.29154885,0.48035313],[0.05450832,1.26027574],[0.48680490,1.28632526],
[0.33066289,0.75387308],[-0.1864593,1.65310249],[0.76295947,0.77992260],
[0.60681746,0.24747043],[0.08969525,1.14669983],[-0.0664467,0.61424766],
[0.52591894,1.55984521],[0.36584982,0.64029718],[0.15441407,0.76012497],
[0.12880929,1.42021978],[0.64200439,0.13389452],[0.43056864,0.25372231],
[0.07084511,0.61528964],[0.56110587,1.44626930],[0.34967012,1.56609709],
[0.03345900,0.11409689],[0.34699968,0.10888699],[0.62582469,1.05969444],
[0.46968268,0.52724226],[0.26610116,1.42126177],[-0.0474395,1.42647167],
[-0.2035815,0.89401950],[0.74583726,0.02083961],[0.54225573,0.91485911],
[0.22871504,0.92006901],[0.07257304,0.38761684],[0.50486961,0.41366636],
[-0.1683945,0.78044359],[0.26782909,1.19358897],[0.56958843,0.02709150],
[0.10775997,0.27404094],[-0.1036757,0.39386873],[0.20986490,0.38865882],
[0.02686145,1.58641572],[0.40512095,1.19463095],[0.09158027,1.19984085],
[-0.0645617,0.66738868],[-0.2681432,1.56140818],[0.68127552,0.68822829],
[0.36773484,0.69343820],[0.21159283,0.16098602],[0.00801131,1.05500552],
[-0.1481306,0.52255335],[-0.3055293,1.06021543],[0.13069431,1.47336080],
[0.64388941,0.18703554],[0.28416588,0.54860287],[-0.0293748,0.55381277],
[0.40684888,0.96695815],[0.04712535,1.32852548],[0.24677976,0.04741012],
[0.34888469,0.16202800],[0.47942192,1.35457500],[0.16588124,1.35978490],
[0.44203581,0.85338225],[0.54414074,0.96800013],[-0.1291234,1.33477736],
[0.07053094,0.05366200],[0.71819038,0.34697959],[0.82029531,0.46159748],
[0.50675463,0.46680738],[0.14703110,0.82837471],[-0.1665095,0.83358461],
[0.42318567,0.32197205],[0.26578699,0.85963413],[0.10964498,0.32718196],
[0.54586867,0.74032733],[0.02874646,1.63955674],[0.34228715,1.63434683],
[0.02607602,0.18234663],[0.61844172,1.12794418],[0.46229971,0.59549200],
[0.30490103,1.13315408],[-0.3683631,1.49993131],[-0.0548224,1.49472141],
[0.58105560,0.62675143],[-0.0922086,0.99352866],[0.00989632,1.10814654],
[0.22133207,0.98831876],[0.85721017,0.12034877],[0.18394596,0.48712600],
[0.28605089,0.60174389],[0.56220546,0.09534124],[0.24866478,0.10055114],
[-0.1110587,0.46211847],[-0.2684574,0.99978054],[0.48130694,1.40771602],
[0.68096135,0.12660066],[0.32123782,0.48816799],[0.44392082,0.90652326],
[-0.2293433,1.27330050],[0.08419729,1.26809059],[0.72007540,0.40012061],
[0.04681118,0.76689784],[0.51649387,1.29414011],[0.36035186,0.76168794],
[-0.3129123,1.12846517],[0.63650644,0.25528528],[0.42507068,0.37511307],
[0.32296575,0.26049519],[-0.0367577,0.62206251],[0.24206723,1.57286997],
[0.02796104,0.23548765],[0.51822180,1.06646731],[0.62032673,1.18108520],
[0.15849827,1.42803464],[-0.0529374,1.54786243],[0.46025761,0.26153717],
[0.22321709,1.04145977],[0.06314797,0.12191175],[0.18583097,0.54026702],
[0.65551366,1.06750929],[0.49937166,0.53505712],[-0.0177505,1.43428652],
[-0.1738925,0.90183435],[0.77552623,0.02865447],[0.46198554,0.03386437],
[0.10226201,0.39543170],[-0.1091737,0.51525949],[0.16698083,0.00885683],
[0.65724159,0.83983650],[0.29751806,1.20140382],[0.08608231,1.32123161],
[0.59927741,0.03490635],[-0.0739868,0.40168358],[0.57367263,0.69500117],
[0.36223688,0.81482896],[-0.3110273,1.18160619],[0.63839145,0.30842630],
[0.12126924,1.20765571],[-0.0348727,0.67520353],[0.39742381,0.70125305],
[0.24128180,0.16880088],[0.16038328,1.48117566],[0.43653785,0.97477301],
[0.06503298,0.17505276],[0.71269242,0.46837035],[0.65739868,1.12065031],
[0.50125667,0.58819814],[-0.0158655,1.48742754],[-0.1720075,0.95497537],
[0.77741124,0.08179549],[0.26028903,0.98102489],[0.10414703,0.44857272],
[0.53644360,0.47462224],[-0.1368206,0.84139947],[0.29940307,1.25454484],
[-0.0721017,0.45482460],[0.57555765,0.74814219],[0.05843543,1.64737159],
[0.85171222,0.24173953],[0.12315425,1.26079673],[-0.0329877,0.72834455],
[-0.2365692,1.62236405],[0.39930882,0.75439407],[0.24316682,0.22194190],
[0.03958529,1.11596140],[-0.2739553,1.12117130],[0.16226830,1.53431668],
[0.67546339,0.24799142],[0.00219918,0.61476865],[0.43842287,1.02791402],
[0.27835375,0.10836600],[0.06691800,0.22819378],[0.71457744,0.52151137],
[0.19745523,1.42074077],[0.51099591,1.41553087],[-0.0166509,0.08335846],
[0.47360980,0.91433812],[0.26217404,1.03416591],[-0.0975494,1.39573324],
[-0.4110901,1.40094314],[0.53832862,0.52776325],[0.17860508,0.88933058],
[-0.1349355,0.89454049],[0.30128809,1.30768586],[0.81448319,0.02136060],
[0.45475966,0.38292793],[0.14121897,0.38813783],[0.57744266,0.80128321],
[-0.2185045,0.74970516],[0.21771913,1.16285053],[0.85359723,0.29488055],
[-0.4555450,1.52962777],[0.33647502,1.19410996],[0.49387370,0.65644788],
[-0.3367891,1.56088719],[-0.0232485,1.55567728],[0.61262959,0.68770730],
[0.77002827,0.15004523],[-0.0606346,1.05448453],[0.04147031,1.16910242],
[0.25290606,1.04927463],[0.88878416,0.18130465],[0.31762488,0.66269976],
[0.00408419,0.66790967],[-0.2329563,1.44783227],[0.59377945,0.15629711],
[0.28023876,0.16150701],[-0.0794847,0.52307434],[0.51288092,1.46867189],
[-0.3165252,1.30299695],[0.19666980,0.01667169],[0.47549481,0.96747914],
[0.63289349,0.42981706],[-0.1977693,1.33425637],[0.11577128,1.32904647],
[0.75164938,0.46107649],[0.07838517,0.82785372],[0.18049010,0.94247160],
[0.39192585,0.82264381],[-0.2813383,1.18942104],[0.35453974,0.32145106],
[0.45664467,0.43606895],[0.66808042,0.31624116],[-0.2166195,0.80284618],
[0.27364121,1.63382584],[0.05953502,0.29644352],[0.54979579,1.12742319],
[0.19007225,1.48899052],[-0.0213634,1.60881830],[-0.1814326,0.68927027],
[-0.0587496,1.10762555],[0.25479107,1.10241565],[-0.4184731,1.46919288],
[0.21740496,0.60122290],[0.53094564,0.59601300],[-0.1423185,0.96279023],
[0.49355953,0.09482025],[0.80710021,0.08961034],[0.13383600,0.45638757],
[-0.0775997,0.57621536],[0.41266101,1.40719502],[0.19855482,0.06981271],
[0.68881558,0.90079237],[0.32909205,1.26235970],[0.11765629,1.38218749],
[-0.3441721,1.62913693],[-0.0424128,0.46263946],[0.60524662,0.75595704],
[0.39381087,0.87578483],[-0.2794533,1.24256206],[0.66996544,0.36938218],
[0.15284322,1.26861158],[-0.0032987,0.73615941],[0.42899780,0.76220893],
[0.27285579,0.22975675],[0.19195727,1.54213153],[-0.1795475,0.74241129],
[0.46811184,1.03572888],[0.25667609,1.15555667],[-0.2051523,1.40250611],
[-0.4165881,1.52233390],[0.09660697,0.23600864],[0.74426641,0.52932623],
[0.53283066,0.64915401],[0.01570845,1.54838342],[-0.1404335,1.01593125],
[0.80898523,0.14275136],[0.29186302,1.04198076],[0.13572101,0.50952859],
[-0.3814011,1.40875800],[0.56801759,0.53557811],[0.41187558,0.00312594],
[-0.1052466,0.90235534],[0.33097706,1.31550072],[0.84417216,0.02917546],
[-0.0405278,0.51578048],[0.60713163,0.80909806],[-0.0661325,1.17587529],
[-0.2775683,1.29570308],[0.23562676,0.00937782],[0.88328620,0.30269541],
[0.67185045,0.42252320],[0.15472824,1.32175260],[-0.0014137,0.78930043],
[0.58828149,0.27768787],[0.43088281,0.81534995],[0.27474081,0.28289777],
[0.07115928,1.17691727],[-0.2423814,1.18212718],[0.19384228,1.59527255],
[0.70703738,0.30894729],[0.03377316,0.67572452],[0.46999685,1.08886990],
[-0.2032673,1.45564713],[0.30992774,0.16932187],[0.09849198,0.28914966],
[0.74615142,0.58246725],[0.22902921,1.48169665],[0.07288721,0.94924448],
[0.01492302,0.14431433],[0.29374803,1.09512178],[0.13760603,0.56266961],
[-0.3795161,1.46189902],[0.56990260,0.58871913],[0.41376060,0.05626696],
[0.21017907,0.95028646],[0.05403707,0.41783428],[-0.1033616,0.95549636],
[0.33286207,1.36864174],[0.84605717,0.08231648],[0.48633364,0.44388380],
[0.17279296,0.44909371],[0.60901665,0.86223908],[-0.0642475,1.22901631],
[0.24929311,1.22380641],[0.88517122,0.35583643],[0.36804901,1.25506583],
[0.21190700,0.72261366],[0.52544769,0.71740376],[-0.3052152,1.62184306],
[0.00832547,1.61663316],[0.64420358,0.74866318],[0.80160226,0.21100110],
[0.40716305,1.52858578],[0.34919886,0.72365564],[0.03565818,0.72886554],
[-0.3240653,1.09043287],[-0.2013823,1.50878815],[0.62535344,0.21725299],
[0.31181275,0.22246289],[-0.0479107,0.58403022],[0.23091423,1.53483767],
[0.07477222,1.00238550],[-0.2849513,1.36395282],[0.22824379,0.07762756],
[0.50706880,1.02843501],[0.35092679,0.49598284],[0.66446748,0.49077294],
[-0.0087967,0.85755017],[-0.1661954,1.39521225],[0.14734527,1.39000234],
[0.78322337,0.52203236],[0.10995915,0.88880959],[0.42349984,0.88359969],
[0.26735783,0.35114751],[0.54618284,1.30195497],[-0.2497643,1.25037692],
[0.69965441,0.37719703],[0.48821866,0.49702482],[-0.1850455,0.86380205],
[0.46261388,1.15711964],[0.09110901,0.35739940],[0.13022306,0.63091935],
[-0.0271756,1.16858143],[0.28636506,1.16337152],[-0.3868991,1.53014876],
[0.24897895,0.66217877],[0.56251963,0.65696887],[0.40637763,0.12451670],
[-0.1107445,1.02374610],[-0.3221803,1.14357389],[0.32547910,1.43689148],
[0.52513352,0.15577612],[0.62723845,0.27039400],[0.83867420,0.15056622],
[0.16540999,0.51734345],[-0.0460257,0.63717124],[0.60163367,0.93048882],
[0.44423499,1.46815090],[0.44156456,0.01094079],[0.23012880,0.13076858],
[0.36066603,1.32331557],[0.14923028,1.44314336],[0.63682060,0.81691292],
[0.42538485,0.93674071],[-0.2478793,1.30351794],[0.70153942,0.43033805],
[0.02827521,0.79711528],[0.46449890,1.21026066],[-0.0091109,0.29592253],
[0.09299403,0.41054042],[0.30442978,0.29071263],[0.74065347,0.70385801],
[0.22353125,1.60308741],[-0.0900094,1.60829731],[0.49968583,1.09668476],
[0.28825007,1.21651254],[0.18614514,1.10189466],[-0.1735783,1.46346199],
[-0.3850141,1.58328977],[0.77584040,0.59028210],[0.56440464,0.71010989],
[0.10257618,0.95705933],[-0.1088595,1.07688712],[0.84055922,0.20370724],
[0.16729500,0.57048447],[-0.3498272,1.46971387],[0.59959158,0.59653399],
[0.44344957,0.06408181],[0.36255105,1.37645659],[0.63870562,0.87005394],
[-0.0345585,1.23683117],[-0.2459943,1.35665896],[0.70342444,0.48347907],
[0.24159597,0.73042851],[0.03016022,0.85025630],[0.34370091,0.84504640],
[0.51775054,0.22402586],[0.30631479,0.34385365],[0.61985548,0.33864375],
[-0.2108074,1.24308305],[0.43685202,1.53640064],[0.22541627,1.65622843],
[0.73861137,0.36990317],[0.06534715,0.73668040],[0.50157084,1.14982577],
[-0.1716933,1.51660301],[0.77772541,0.64342312],[0.26060320,1.54265252],
[-0.1069745,1.13002814],[0.10446120,1.01020035],[0.38061577,0.50379770],
[0.16918001,0.62362549],[-0.3479421,1.52285489],[-0.1905435,0.98519281],
[0.44533459,0.11722283],[0.75887527,0.11201293],[-0.0717876,1.01645224],
[0.08561105,0.47879016],[0.57587181,1.30976982],[0.36443606,1.42959761],
[0.87763116,0.14327235],[0.20436694,0.51004958],[0.64059063,0.92319496],
[0.28086710,1.28476228],[-0.0326735,1.28997219],[0.48052152,0.00364693],
[0.55702167,0.77835963],[0.39962299,1.31602171],[0.24348099,0.78356953],
[0.67577756,0.80961905],[0.51963556,0.27716688],[-0.2089224,1.29622407],
[0.43873704,1.58954166],[0.06723217,0.78982142],[0.22463085,0.25215934],
[-0.2924913,1.15138875],[-0.1698083,1.56974402],[0.34338674,0.28341876],
[0.77961043,0.69656414],[-0.0163367,0.64498609],[0.41988689,1.05813147],
[0.26248821,1.59579354],[0.10634621,1.06334137],[-0.2533773,1.42490870],
[0.25981778,0.13858344],[0.69604147,0.55172881],[0.53864278,1.08939089],
[0.38250078,0.55693872],[0.17891925,1.45095822],[0.02277725,0.91850604],
[-0.1346214,1.45616812],[0.81479736,0.58298824],[0.65865535,0.05053606],
[0.97219604,0.04532616],[0.45507382,0.94455556],[0.29893182,0.41210339],
[0.14153314,0.94976547],[0.57775683,1.36291084],[-0.4296261,1.43116058],
[0.73122840,0.43815291],[-0.1534715,0.92475793],[0.49418787,1.21807551],
[0.12268300,0.41835527],[-0.1143575,1.19827788],[0.83506126,0.32509800],
[0.52152057,0.33030790],[0.31793905,1.22432740],[0.16179704,0.69187523],
[0.00439836,1.22953730],[-0.3553251,1.59110463],[0.59409362,0.71792475],
[0.43795161,0.18547257],[0.28055293,0.72313465],[-0.0791705,1.08470198],
[-0.2906063,1.20452976],[0.35705309,1.49784735],[0.55670750,0.21673200],
[0.87024819,0.21152209],[0.19698397,0.57829932],[-0.0144517,0.69812711],
[0.63320766,0.99144470],[0.47580898,1.52910677],[0.47313854,0.07189667],
[0.26170279,0.19172446],[0.39224002,1.38427145],[0.18080427,1.50409924],
[0.45695884,0.99769658],[0.30081683,0.46524441],[-0.2163053,1.36447381],
[0.73311341,0.49129393],[0.05984919,0.85807116],[-0.2536914,0.86328106],
[-0.1515865,0.97789895],[0.49607288,1.27121653],[-0.1771913,1.63799377],
[0.33600377,0.35166850],[0.02246308,0.35687841],[0.12456801,0.47149629],
[-0.0611058,0.21204308],[0.53125981,1.15764063],[0.31982406,1.27746842],
[-0.1420043,1.52441786],[-0.3534401,1.64424565],[0.59597863,0.77106576],
[-0.0772855,1.13784300],[0.87213320,0.26466311],[0.19886899,0.63144034],
[-0.0381715,1.41136295],[0.47502356,0.12503769],[0.26358781,0.24486548],
[0.39412503,1.43741247],[0.18001885,0.10003015],[0.67027961,0.93100981],
[0.45884385,1.05083760],[-0.0029846,1.29778704],[-0.2144203,1.41761483],
[0.73499842,0.54443495],[0.27316996,0.79138439],[0.06173421,0.91121218],
[0.37527489,0.90600227],[0.33788878,0.40480952],[-0.1792334,1.30403893],
[0.46842601,1.59735652],[-0.0592208,0.26518410],[0.53314483,1.21078165],
[-0.1401193,1.57755888],[0.13603518,1.07115623],[-0.0754005,1.19098401],
[0.87401822,0.31780413],[0.41218975,0.56475357],[0.20075400,0.68458136],
[-0.2610744,0.93153080],[-0.1589695,1.04614869],[0.68834432,0.05835092],
[0.47690857,0.17817871],[0.79044926,0.17296880],[-0.0402136,1.07740811],
[0.11718504,0.53974603],[0.39601005,1.49055349],[0.23594093,0.57100546],
[0.07979893,0.03855328],[0.67216462,0.98415083],[0.31244109,1.34571816],
[-0.0010995,1.35092806],[0.58859566,0.83931551],[0.43119698,1.37697758],
[0.27505497,0.84452541],[0.55120955,0.33812275],[0.33977379,0.45795054],
[-0.1220546,0.70489999],[0.47031102,1.65049753],[0.09880615,0.85077729],
[-0.0573358,0.31832512],[0.25620483,0.31311522],[0.07320138,1.51087211],
[0.17530631,1.62549000],[0.37496072,0.34437464],[-0.1382343,1.63069990],
[0.01523719,0.70594197],[0.45146088,1.11908734],[0.29406220,1.65674942],
[0.13792020,1.12429725],[-0.2218033,1.48586457],[0.29139176,0.19953931],
[0.72761545,0.61268469],[0.57021677,1.15034676],[0.41407477,0.61789459],
[0.21049324,1.51191409],[0.05435124,0.97946192],[-0.1030474,1.51712400],
[-0.2591894,0.98467182],[0.69022934,0.11149194],[0.48664781,1.00551144],
[0.01696512,0.47826917],[0.76280238,0.49910878],[0.08168394,0.09169430],
[0.52576185,1.27903139],[0.21222117,1.28424129],[0.51398052,0.11774382],
[0.15425699,0.47931115],[0.59048067,0.89245652],[0.27693999,0.89766643],
[-0.0827835,1.25923376],[0.86663524,0.38605387],[0.55309456,0.39126377],
[0.34951303,1.28528327],[0.19337103,0.75283110],[0.03597235,1.29049318],
[-0.1201696,0.75804101],[-0.3237511,1.65206051],[0.62566760,0.77888062],
[0.46952560,0.24642845],[0.31212692,0.78409052],[0.15598491,0.25163835],
[-0.0475966,1.14565785],[0.07508639,1.56401313],[0.90182218,0.27247797],
[0.38862708,1.55880323],[0.22855796,0.63925520],[0.66478165,1.05240057],
[0.50738297,1.59006265],[0.35124096,1.05761048],[-0.0084825,1.41917780],
[0.29327678,0.25268033],[0.26767200,0.91277515],[0.05623625,1.03260294],
[0.48853283,1.05865246],[0.33239082,0.52620028],[0.01885014,0.53141019],
[-0.1847313,1.42542969],[0.76468740,0.55224980],[0.60854539,0.01979763],
[0.29500471,0.02500753],[0.09142318,0.91902703],[-0.0647188,0.38657486],
[-0.2221174,0.92423694],[0.52764687,1.33217241],[0.72730128,0.05105705],
[0.36757775,0.41262438],[0.49026076,0.83097966],[0.13053722,1.19254699],
[0.43229657,0.02604951],[0.56283380,1.21859651],[0.40669180,0.68614433],
[0.62755262,0.83202164],[0.47141061,0.29956947],[-0.0457115,1.19879887],
[0.07430097,0.15994404],[0.23044297,0.69239622],[-0.0065975,1.47231882],
[0.50659754,0.18599356],[-0.1666666,0.55277079],[0.42569902,1.49836834],
[0.26955702,0.96591617],[0.10948790,0.04636814],[0.54571159,0.45951351],
[0.02858938,1.35874292],[-0.1828463,1.47857071],[0.76657241,0.60539082],
[0.09330819,0.97216805],[-0.0628338,0.43971588],[0.36946277,0.46576540],
[0.13242224,1.24568801],[-0.0276468,0.32613998],[0.56471881,1.27173752],
[0.40857681,0.73928535],[-0.1085453,1.63851476],[0.68473138,0.23288270],
[0.16760917,1.13211210],[-0.0438265,1.25193989],[-0.4035501,1.61350722],
[0.44376374,0.62570945],[0.23232799,0.74553724],[-0.1273955,1.10710456],
[0.71991831,0.11930679],[0.50848256,0.23913458],[0.82202324,0.23392468],
[-0.1647816,0.60591181],[0.42758404,1.55150936],[0.11137291,0.09950916],
[0.54759660,0.51265453],[0.34401508,1.40667403],[0.03047439,1.41188394],
[0.82375117,0.00625188],[0.30662896,0.90548128],[-0.3666352,1.27225851],
[0.58278353,0.39907863],[0.37134778,0.51890642],[-0.0904806,0.76585586],
[0.01162425,0.88047375],[0.64750235,0.01250376],[0.96104304,0.00729386],
[0.18567389,0.25945321],[0.28777882,0.37407109],[-0.0257618,0.37928100],
[0.56660383,1.32487854],[0.10477536,1.57182799],[0.48303487,1.18004322],
[0.16949418,1.18525312],[-0.1902293,1.54682045],[0.75918944,0.67364056],
[0.60179076,1.21130264],[0.44564875,0.67885047],[0.08592522,1.04041779],
[-0.2276154,1.04562770],[0.72180333,0.17244781],[0.04853911,0.53922504],
[-0.1628966,0.65905283],[0.32469368,0.03282239],[0.42679861,0.14744027],
[0.11325793,0.15265018],[0.24379516,1.34519717],[0.02968897,0.00781485],
[-0.1277097,0.54547693],[0.51994973,0.83879451],[0.62205466,0.95341240],
[0.30851398,0.95862230],[-0.0512095,1.32018963],[0.14844486,0.03907427],
[-0.3647502,1.32539953],[0.58466855,0.45221965],[0.22494502,0.81378698],
[0.06754633,1.35144905],[-0.0885956,0.81899688],[0.50109959,0.30738432],
[0.18755890,0.31259423],[-0.0160226,1.20661373],[-0.1721646,0.67416155],
[0.10666038,1.62496901],[0.42020106,1.61975910],[0.38281495,1.11856635],
[0.02309142,1.48013368],[0.65896952,0.61216370],[0.08781024,1.09355881],
[0.36396481,0.58715616],[0.05042412,0.59236606],[-0.1531573,1.48638556],
[0.79626138,0.61320568],[0.64011938,0.08075350],[0.48272070,0.61841558],
[0.32657869,0.08596341],[0.12299717,0.97998291],[-0.0331448,0.44753074],
[0.24568017,1.39833819],[0.55922086,1.39312828],[0.39915174,0.47358025],
[0.52183474,0.89193553],[0.16211121,1.25350286],[0.79798931,0.38553288],
[0.59440779,1.27955238],[0.43826578,0.74710021],[0.71442035,0.24069755],
[0.50298460,0.36052534],[-0.0141376,1.25975475],[-0.1702796,0.72730257],
[0.26201696,0.75335209],[0.10587496,0.22089992],[0.02497643,1.53327470],
[0.53817153,0.24694944],[-0.1350926,0.61372667],[0.45727301,1.55932422],
[0.30113100,1.02687204],[-0.3721332,1.39364927],[0.57728557,0.52046939],
[0.06016336,1.41969879],[-0.1512723,1.53952658],[0.85344015,0.01406674],
[0.12488218,1.03312393],[-0.0312598,0.50067175],[0.40103675,0.52672127],
[0.16399622,1.30664388],[0.67719132,0.02031862],[0.00392711,0.38709585],
[0.59629280,1.33269340],[0.44015080,0.80024123],[-0.2331134,1.16701846],
[0.06864593,0.00052099],[0.71630537,0.29383857],[0.19918316,1.19306798],
[-0.0122525,1.31289576],[0.47533773,0.68666532],[0.26390197,0.80649311],
[-0.0958215,1.16806044],[0.54005655,0.30009046],[-0.1332076,0.66686769],
[0.45915802,1.61246524],[0.30301602,1.08001306],[-0.3702481,1.44679029],
[0.14294690,0.16046503],[-0.0684888,0.28029282],[0.57917059,0.57361041],
[0.06204838,1.47283981],[-0.0940936,0.94038764],[0.85532516,0.06720775],
[0.33820295,0.96643716],[0.12676720,1.08626495],[-0.3350612,1.33321439],
[0.61435752,0.46003450],[0.40292177,0.57986229],[-0.0589066,0.82681174],
[0.04319824,0.94142962],[-0.2703424,0.94663952],[0.67907634,0.07345964],
[0.31935281,0.43502697],[0.00581212,0.44023687],[-0.2312284,1.22015948],
[0.51460885,1.24099909],[0.20106817,1.24620900],[0.04492617,0.71375682],
[-0.4721960,1.61298623],[-0.1586553,1.60777632],[0.63462142,0.20214426],
[0.47722274,0.73980634],[-0.1960414,1.10658357],[0.24018221,1.51972895],
[0.75337731,0.23340369],[0.08011310,0.60018092],[0.18221803,0.71479880],
[-0.1313226,0.72000871],[0.35626767,0.09377826],[0.45837260,0.20839615],
[0.14483191,0.21360605],[0.27536914,1.40615304],[0.37747408,1.52077093],
[0.06393339,1.52598083],[0.06126295,0.06877073],[-0.0961357,0.60643280],
[0.55152371,0.89975039],[0.65362865,1.01436827],[0.34008796,1.01957818],
[-0.3331762,1.38635541],[-0.0196355,1.38114551],[0.61624253,0.51317552],
[0.25651900,0.87474285],[0.10037700,0.34229068],[0.09912032,1.41240493],
[0.37920201,1.29309813],[0.89239710,0.00677287],[-0.0570216,0.87995276],
[0.53267357,0.36834020],[0.21913289,0.37355010],[0.29563305,1.14826280],
[-0.0758718,0.34854256],[0.41438894,1.17952223],[-0.2588752,1.54629946],
[0.04288407,0.37980199],[0.69054351,0.67311957],[0.01727929,1.03989680],
[-0.1941564,1.15972459],[0.11938422,1.15451469],[-0.0406848,0.23496666],
[0.39553879,0.64811203],[0.23814011,1.18577411],[0.08199811,0.65332194],
[-0.4351240,1.55255134],[-0.2777254,1.01488926],[0.67169337,0.14170938],
[0.51429469,0.67937146],[0.35815268,0.14691928],[0.15457115,1.04093878],
[-0.0015708,0.50848661],[0.27725416,1.45929406],[0.43072573,0.53453613],
[0.27458372,0.00208396],[0.55340873,0.95289141],[-0.1198554,1.31966864],
[0.19368520,1.31445874],[0.82956330,0.44648875],[0.15629908,0.81326599],
[0.25840402,0.92788387],[0.46983977,0.80805608],[0.09833490,0.00833584],
[0.74599434,0.30165343],[0.53455859,0.42148122],[-0.1387056,0.78825845],
[0.35155513,1.61923811],[0.29359095,0.81430797],[0.13744894,0.28185579],
[-0.0199497,0.81951787],[0.05655042,1.59423057],[-0.2569902,1.59944048],
[0.56974552,0.30790531],[-0.1035186,0.67468254],[0.01916431,1.09303782],
[0.48884699,1.62028009],[0.33270499,1.08782792],[-0.3405592,1.45460515],
[0.29531888,0.58663517],[0.60885956,0.58142526],[-0.0644046,0.94820250],
[-0.2758404,1.06803028],[0.88501413,0.07502261],[0.67357838,0.19485040],
[0.21174992,0.44179984],[0.00031416,0.56162763],[0.49057492,1.39260729],
[0.43261074,0.58767715],[0.27646874,0.05522498],[-0.2406534,0.95445438],
[0.40700596,1.24777197],[0.19557021,1.36759976],[0.70876531,0.08127450],
[0.03550109,0.44805173],[0.47172478,0.86119710],[-0.2015394,1.22797433],
[0.74787935,0.35479445],[0.07461514,0.72157168],[0.23075714,1.25402385],
[0.35076971,0.21516902],[0.13933396,0.33499681],[0.26987119,1.52754380],
[0.57163053,0.36104633],[-0.1016336,0.72782356],[0.54602576,1.02114115],
[0.33459000,1.14096894],[-0.3386742,1.50774617],[0.17452089,0.22142091],
[0.61074458,0.63456628],[0.09362236,1.53379569],[-0.0625196,1.00134351],
[0.88689915,0.12816363],[0.21363493,0.49494086],[0.36977693,1.02739303],
[-0.3034872,1.39417027],[0.64593151,0.52099038],[-0.2387684,1.00759540],
[0.40889098,1.30091299],[0.71065032,0.13441551],[0.03738611,0.50119275],
[0.68504555,0.79451033],[-0.1996544,1.28111535],[0.74976437,0.40793547],
[0.23264216,1.30716487],[0.07650015,0.77471270],[0.35265472,0.26831004],
[0.50879673,0.80076222],[-0.1644674,1.16753945],[-0.3759032,1.28736724],
[0.27175620,1.58068482],[0.78495130,0.29435956],[0.11168708,0.66113679],
[-0.0997486,0.78096458],[0.54791077,1.07428217],[0.17640590,0.27456193],
[-0.1833176,0.63612925],[0.30694313,1.46710892],[0.09550738,1.58693671],
[0.09283694,0.12972660],[0.37166195,1.08053405],[0.21551994,0.54808188],
[-0.3016022,1.44731128],[0.01193842,1.44210138],[0.49167452,0.04167923],
[0.64781652,0.57413140],[-0.0254476,0.94090863],[0.28809299,0.93569873],
[0.13195098,0.40324655],[0.41077599,1.35405401],[0.92397109,0.06772875],
[0.25070688,0.43450598],[0.56424756,0.42929607],[0.68693056,0.84765135],
[0.32720703,1.20921868],[-0.0442978,0.40949844],[0.60336160,0.70281602],
[0.44596292,1.24047810],[-0.2273012,1.60725533],[0.72211749,0.73407545],
[-0.1625824,1.22068047],[0.15095821,1.21547056],[0.11357210,0.71427781],
[0.42711278,0.70906791],[-0.2461514,1.07584514],[0.38972667,0.20787516],
[0.70326735,0.20266525],[0.03000314,0.56944249],[0.46622683,0.98258786],
[0.30882814,1.52024994],[-0.0073829,0.06824974],[0.09472196,0.18286762],
[0.30615771,0.06303983],[0.74238140,0.47618521],[0.58498272,1.01384728],
[0.22525918,1.37541461],[-0.0882814,1.38062452],[0.01382343,1.49524240],
[0.50141376,0.86901196],[0.18787307,0.87422186],[0.28997800,0.98883975],
[-0.3832862,1.35561698],[0.77756833,0.36260930],[0.56613257,0.48243709],
[-0.1071316,0.84921432],[0.16902293,0.34281167],[-0.3480992,1.24204107],
[0.08812441,1.65518645],[0.88140119,0.24955439],[0.36427898,1.14878379],
[0.05073829,1.15399370],[-0.3089852,1.51556102],[0.64043355,0.64238114],
[0.32689286,0.64759104],[-0.0328306,1.00915837],[-0.2442664,1.12898616],
[0.60304743,0.14118839],[0.70515237,0.25580627],[0.91658812,0.13597849],
[0.24332390,0.50275572],[0.03188815,0.62258350],[0.52214891,1.45356317],
[0.30804272,0.11618085],[-0.2090794,1.01541026],[0.43857995,1.30872784],
[0.22714420,1.42855563],[0.06707508,0.50900760],[0.50329877,0.92215298],
[-0.1699654,1.28893021],[0.77945334,0.41575032],[0.26233113,1.31497973],
[0.10618912,0.78252755],[0.38234370,0.27612490],[0.17090794,0.39595269],
[-0.3462142,1.29518209],[0.30144517,1.58849968],[-0.0700596,0.78877944],
[0.57759974,1.08209702],[0.36616399,1.20192481],[-0.3071002,1.56870204],
[0.20609487,0.28237678],[0.64231856,0.69552216],[0.12519635,1.59475156],
[-0.0309456,1.06229939],[0.91847313,0.18911950],[0.40135092,1.08834891],
[0.24520892,0.55589674],[-0.2719132,1.45512614],[0.67750549,0.58194625],
[0.52136349,0.04949408],[-0.2071944,1.06855127],[0.44046497,1.36186886],
[0.06896010,0.56214862],[0.71661954,0.85546621],[0.50518378,0.97529400],
[-0.1680804,1.34207123],[0.34511467,0.05574597],[0.78133836,0.46889134],
[0.26421614,1.36812075],[0.10807414,0.83566857],[0.42161482,0.83045867],
[0.54037071,0.86171809],[0.38422871,0.32926592],[-0.1328934,1.22849532],
[0.30333019,1.64164070],[0.81652529,0.35531544],[0.14326107,0.72209267],
[-0.0681746,0.84192046],[0.57948476,1.13523804],[-0.0937794,1.50201527],
[0.20797989,0.33551780],[-0.1517436,0.69708513],[0.12708136,1.64789258],
[-0.0290606,1.11544041],[0.92035815,0.24226052],[0.12441093,0.19068248],
[0.40323594,1.14148993],[0.24709393,0.60903775],[-0.2700282,1.50826716],
[0.04351240,1.50305726],[-0.1126295,0.97060508],[0.67939051,0.63508727],
[0.52324850,0.10263510],[0.83678919,0.09742520],[0.00612629,1.00186451],
[0.31966698,0.99665460],[0.16352497,0.46420243],[0.44234998,1.41500988],
[0.95554508,0.12868462],[0.28228086,0.49546185],[0.59582155,0.49025195],
[0.71850455,0.90860723],[0.35878102,1.27017455],[0.04524033,1.27538446],
[-0.0127238,0.47045431],[0.47753691,1.30143398],[0.38611372,0.38240694],
[-0.1310084,1.28163634],[0.18253220,1.27642644],[-0.4907320,1.64320367],
[0.81841030,0.40845646],[0.14514608,0.77523369],[-0.0109959,0.24278151],
[0.45868677,0.77002378],[0.58136977,1.18837906],[0.30254476,0.23757161],
[-0.2145774,1.13680101],[-0.0918944,1.55515629],[0.42130065,0.26883103],
[0.73484134,0.26362113],[0.06157712,0.63039836],[0.49780081,1.04354374],
[0.34040213,1.58120581],[0.18426013,1.04875364],[-0.1754633,1.41032097],
[0.02419101,0.12920561],[0.12629594,0.24382350],[0.33773169,0.12399571],
[0.77395538,0.53714108],[0.61655670,1.07480316],[0.25683317,1.43637049],
[0.10069117,0.90391831],[-0.0567075,1.44158039],[0.53298774,0.92996783],
[0.32155199,1.04979562],[-0.3517122,1.41657285],[0.12802387,0.01615070],
[0.59770656,0.54339297],[-0.0755576,0.91017020],[0.56032045,0.04220022],
[0.87386113,0.03699031],[-0.1129437,0.40897745],[0.20059692,0.40376754],
[0.32327992,0.82212282],[-0.0364436,1.18369015],[0.26531573,0.01719268],
[0.39585296,1.20973967],[0.23971096,0.67728750],[0.08231228,1.21494957],
[-0.2774112,1.57651690],[0.67200754,0.70333701],[0.35846685,0.70854692],
[0.46057178,0.82316480],[-0.0012566,1.07011425],[-0.2126924,1.18994203],
[0.43496701,1.48325962],[0.73672635,0.31676215],[0.27489789,0.56371159],
[0.06346214,0.68353938],[0.33961671,0.17713673],[0.47015394,1.36968372],
[0.25871819,1.48951151],[0.53487276,0.98310885],[0.37873075,0.45065668],
[-0.1383914,1.34988608],[0.81102733,0.47670620],[0.49748664,0.48191610],
[0.13776311,0.84348343],[-0.0736726,0.96331122],[-0.1757775,0.84869333],
[0.57398680,1.25662880],[0.87574615,0.09013133],[0.41391768,0.33708077],
[0.20248193,0.45690856],[0.01947847,1.65466546],[0.33301916,1.64945555],
[0.60917373,1.14305290],[0.39773798,1.26288069],[-0.0640904,1.50983013],
[-0.2755262,1.62965792],[0.23766886,0.34333266],[0.67389255,0.75647803],
[0.00062833,1.12325526],[0.43292491,1.14930478],[0.27678290,0.61685261],
[0.55293748,0.11044996],[0.23939679,0.11565986],[0.34150172,0.23027775],
[-0.1203267,0.47722719],[0.47203895,1.42282474],[0.43465284,0.92163199],
[0.53675777,1.03624987],[0.07492931,1.28319931],[0.17703424,1.39781720],
[-0.1365064,1.40302710],[0.37668865,0.11670184],[0.81291234,0.52984722],
[0.35108388,0.77679666],[0.13964813,0.89662445],[0.57194470,0.92267397],
[0.41580270,0.39022179],[-0.1013195,1.28945120],[0.84809927,0.41627131],
[0.01869305,0.25059637],[0.61105874,1.19619392],[-0.0622054,1.56297115],
[0.21394910,1.05656850],[0.00251335,1.17639628],[-0.3572101,1.53796361],
[0.49010367,0.55016584],[0.27866792,0.66999363],[0.59220860,0.66478373],
[-0.0810556,1.03156096],[-0.2384542,1.56922303],[0.71096449,0.69604315],
[0.55482249,0.16359098],[0.86836317,0.15838107],[0.03770028,1.06282038],
[-0.1184417,0.53036821],[0.47392397,1.47596576],[0.31385485,0.55641773],
[0.15771284,0.02396555],[0.07681432,1.33634033],[0.50911090,1.36238985],
[0.35296889,0.82993768],[0.62912346,0.32353502],[0.41768771,0.44336281],
[0.05796418,0.80493014],[-0.0994344,1.34259222],[0.84998429,0.46941233],
[0.33411875,0.29852749],[0.17672007,0.83618956],[0.02057807,0.30373739],
[0.61294376,1.24933494],[-0.1830034,1.19775689],[0.25322023,1.61090227],
[0.45287464,0.32978691],[-0.0603204,1.61611217],[0.76641533,0.32457700],
[0.09315111,0.69135424],[0.52937480,1.10449961],[0.37197612,1.64216169],
[0.21583411,1.10970951],[-0.1438894,1.47127684],[0.80552937,0.59809696],
[0.64813069,1.13575903],[0.49198868,0.60330686],[0.28840716,1.49732636],
[-0.0251335,1.50253627],[0.76814326,0.09690421],[0.56456173,0.99092371],
[-0.1165567,0.58350923],[-0.3201382,1.47752873],[0.31573986,0.60955875],
[0.15959786,0.07710657],[-0.0439836,0.97112607],[0.07869934,1.38948135],
[0.59189443,0.10315609],[0.90543512,0.09794619],[0.23217090,0.46472342],
[-0.0813697,0.46993332],[0.66839459,0.87786879],[0.35485391,0.88307870],
[-0.0048696,1.24464602],[0.63100848,0.37667604],[0.42742695,1.27069554],
[0.27128495,0.73824337],[0.11388627,1.27590545],[-0.2458372,1.63747277],
[0.70358152,0.76429289],[0.54743952,0.23184072],[0.39004084,0.76950279],
[0.03031731,1.13107012],[-0.1811184,1.25089791],[0.46654099,1.54421550],
[0.09503612,0.74449526],[0.37119070,0.23809260],[0.05765001,0.24330250],
[0.29029217,1.55046738],[0.13415017,1.01801521],[-0.0259189,0.09846718],
[0.56644674,1.04406473],[0.41030474,0.51161255],[-0.1068174,1.41084196],
[-0.3182532,1.53066975],[-0.4203581,1.41605186],[0.68645931,0.00520990],
[0.52906063,0.54287198],[0.16933710,0.90443930],[-0.0420986,1.02426709],
[-0.1442035,0.90964921],[0.80521520,0.03646932],[0.44549167,0.39803665],
[0.23405592,0.51786444],[-0.2277725,0.76481388],[0.51021049,0.01146178],
[0.42931196,1.32383656],[0.70546654,0.81743391],[0.54932453,0.28498174],
[0.03220232,1.18421114],[0.30835689,0.67780849],[0.09692114,0.79763627],
[-0.0051837,0.68301839],[0.58451146,0.17140583],[0.37307571,0.29123362],
[0.27097078,0.17661574],[-0.0887527,0.53818306],[0.50361294,1.48378061],
[0.29217719,1.60360840],[0.18740182,0.03178041],[-0.0240339,0.15160820],
[0.56833176,1.09720575],[0.10650329,1.34415519],[-0.1049324,1.46398298],
[0.17122211,0.95758032],[0.44737668,0.45117767],[-0.2258875,0.81795490],
[0.51209550,0.06460280],[0.05026704,0.31155225],[-0.0306314,1.62392702],
[0.70735155,0.87057493],[0.24552309,1.11752437],[0.03408733,1.23735216],
[-0.4277411,1.48430160],[-0.3256361,1.59891949],[0.52167766,0.61112172],
[0.62378259,0.72573960],[0.31024191,0.73094951],[-0.2068803,1.63017891],
[0.89993716,0.21933695],[0.58639648,0.22454685],[0.06927426,1.12377626],
[-0.0868677,0.59132408],[0.50549795,1.53692163],[0.18928683,0.08492143],
[-0.0221489,0.20474922],[0.10838831,1.39729621],[0.38454288,0.89089355],
[0.17310713,1.01072134],[-0.2887213,1.25767078],[0.01303801,0.09117331],
[0.66069745,0.38449090],[0.44926170,0.50431869],[0.08953817,0.86588601],
[-0.0678605,1.40354809],[-0.2240025,0.87109592],[0.36569274,0.35948336],
[0.20829406,0.89714544],[0.05215205,0.36469326],[-0.1514294,1.25871276],
[0.48444863,0.39074278],[0.12472510,0.75231011],[0.56094879,1.16545549],
[0.24740810,1.17066539],[-0.4258561,1.53744262],[-0.1123154,1.53223272],
[0.52356267,0.66426274],[0.31998114,1.55828224],[-0.1497015,1.03103997],
[0.79971724,0.15786008],[-0.0849827,0.64446510],[0.50471253,0.13285254],
[0.34731385,0.67051462],[0.19117185,0.13806245],[-0.0124096,1.03208195],
[0.42381401,1.44522732],[0.62346842,0.16411197],[0.11027332,1.45043723],
[0.26374489,0.52567929],[-0.0497957,0.53088920],[0.69996858,0.93882467],
[0.54256990,1.47648675],[0.38642789,0.94403457],[-0.2868363,1.31081180],
[0.53989946,0.01927664],[0.02670436,1.30560190],[0.66258246,0.43763192],
[0.45900094,1.33165142],[0.30285893,0.79919925],[0.14546025,1.33686132],
[-0.0106817,0.80440915],[0.73515551,0.82524876],[0.57901350,0.29279659],
[0.06189129,1.19202600],[0.18457430,1.61038127],[0.49811498,1.60517137],
[0.12661011,0.80545113],[-0.0295318,0.27299896],[-0.1869305,0.81066103],
[-0.4239710,1.59058364],[0.40276468,0.29904848],[0.08922400,0.30425838],
[-0.1104304,1.58537374],[-0.1478165,1.08418099],[0.32186616,1.61142326],
[0.16572415,1.07897108],[0.00565504,0.15942305],[0.59802073,1.10502060],
[0.44187873,0.57256843],[0.28448005,1.11023051],[0.12833804,0.57777833],
[-0.3887841,1.47700774],[-0.0752434,1.47179783],[-0.2313854,0.93934566],
[0.71803330,0.06616577],[0.56063462,0.60382785],[0.20091109,0.96539518],
[0.04476908,0.43294300],[0.32359409,1.38375046],[0.47706566,0.45899252],
[0.26562990,0.57882031],[0.24002513,1.23891513],[0.54178448,0.07241766],
[-0.1314797,0.43919489],[0.46088595,1.38479244],[0.30474395,0.85234026],
[0.58089852,0.34593761],[0.06377631,1.24516701],[-0.0923656,0.71271484],
[0.33993088,0.73876436],[0.18378887,0.20631219],[0.02639019,0.74397426],
[-0.3333333,1.10554159],[0.10289035,1.51868697],[0.61608545,0.23236171],
[0.40464970,0.35218950],[-0.0571787,0.59913894],[0.22164624,1.54994639],
[0.37904492,1.01228431],[0.00754005,0.21256407],[0.59990574,1.15816162],
[-0.0733584,1.52493885],[-0.2295004,0.99248668],[0.20279610,1.01853620],
[0.04665409,0.48608402],[0.47895067,0.51213354],[-0.1943135,0.87891077],
[0.24191014,1.29205615],[0.75510524,0.00573089],[0.54366949,0.12555868],
[0.08184103,0.37250812],[-0.1295947,0.49233591],[0.51806471,0.78565350],
[0.27709707,1.17848025],[0.06566132,1.29830803],[0.55325164,0.67207759],
[0.65535658,0.78669548],[0.34181589,0.79190538],[-0.3314483,1.15868261],
[0.61797046,0.28550273],[-0.0552937,0.65227996],[0.38092994,1.06542533],

