[0.0,0.0],[0.04166666,0.0],[0.08333333,0.0],
[0.125,0.0],[0.16666666,0.0],[0.20833333,0.0],
[0.25,0.0],[0.29166666,0.0],[0.33333333,0.0],
[0.375,0.0],[0.41666666,0.0],[0.45833333,0.0],
[0.5,0.0],[0.54166666,0.0],[0.58333333,0.0],
[0.625,0.0],[0.66666666,0.0],[0.70833333,0.0],
[0.75,0.0],[0.79166666,0.0],[0.83333333,0.0],
[0.875,0.0],[0.91666666,0.0],[0.95833333,0.0],
[0.0,0.09316949],[0.04166666,0.09316949],[0.08333333,0.09316949],
[0.125,0.09316949],[0.16666666,0.09316949],[0.20833333,0.09316949],
[0.25,0.09316949],[0.29166666,0.09316949],[0.33333333,0.09316949],
[0.375,0.09316949],[0.41666666,0.09316949],[0.45833333,0.09316949],
[0.5,0.09316949],[0.54166666,0.09316949],[0.58333333,0.09316949],
[0.625,0.09316949],[0.66666666,0.09316949],[0.70833333,0.09316949],
[0.75,0.09316949],[0.79166666,0.09316949],[0.83333333,0.09316949],
[0.875,0.09316949],[0.91666666,0.09316949],[0.95833333,0.09316949],
[0.0,0.18633899],[0.04166666,0.18633899],[0.08333333,0.18633899],
[0.125,0.18633899],[0.16666666,0.18633899],[0.20833333,0.18633899],
[0.25,0.18633899],[0.29166666,0.18633899],[0.33333333,0.18633899],
[0.375,0.18633899],[0.41666666,0.18633899],[0.45833333,0.18633899],
[0.5,0.18633899],[0.54166666,0.18633899],[0.58333333,0.18633899],
[0.625,0.18633899],[0.66666666,0.18633899],[0.70833333,0.18633899],
[0.75,0.18633899],[0.79166666,0.18633899],[0.83333333,0.18633899],
[0.875,0.18633899],[0.91666666,0.18633899],[0.95833333,0.18633899],
[0.0,0.27950849],[0.04166666,0.27950849],[0.08333333,0.27950849],
[0.125,0.27950849],[0.16666666,0.27950849],[0.20833333,0.27950849],
[0.25,0.27950849],[0.29166666,0.27950849],[0.33333333,0.27950849],
[0.375,0.27950849],[0.41666666,0.27950849],[0.45833333,0.27950849],
[0.5,0.27950849],[0.54166666,0.27950849],[0.58333333,0.27950849],
[0.625,0.27950849],[0.66666666,0.27950849],[0.70833333,0.27950849],
[0.75,0.27950849],[0.79166666,0.27950849],[0.83333333,0.27950849],
[0.875,0.27950849],[0.91666666,0.27950849],[0.95833333,0.27950849],
[0.0,0.37267799],[0.04166666,0.37267799],[0.08333333,0.37267799],
[0.125,0.37267799],[0.16666666,0.37267799],[0.20833333,0.37267799],
[0.25,0.37267799],[0.29166666,0.37267799],[0.33333333,0.37267799],
[0.375,0.37267799],[0.41666666,0.37267799],[0.45833333,0.37267799],
[0.5,0.37267799],[0.54166666,0.37267799],[0.58333333,0.37267799],
[0.625,0.37267799],[0.66666666,0.37267799],[0.70833333,0.37267799],
[0.75,0.37267799],[0.79166666,0.37267799],[0.83333333,0.37267799],
[0.875,0.37267799],[0.91666666,0.37267799],[0.95833333,0.37267799],
[0.0,0.46584749],[0.04166666,0.46584749],[0.08333333,0.46584749],
[0.125,0.46584749],[0.16666666,0.46584749],[0.20833333,0.46584749],
[0.25,0.46584749],[0.29166666,0.46584749],[0.33333333,0.46584749],
[0.375,0.46584749],[0.41666666,0.46584749],[0.45833333,0.46584749],
[0.5,0.46584749],[0.54166666,0.46584749],[0.58333333,0.46584749],
[0.625,0.46584749],[0.66666666,0.46584749],[0.70833333,0.46584749],
[0.75,0.46584749],[0.79166666,0.46584749],[0.83333333,0.46584749],
[0.875,0.46584749],[0.91666666,0.46584749],[0.95833333,0.46584749],
[0.0,0.55901699],[0.04166666,0.55901699],[0.08333333,0.55901699],
[0.125,0.55901699],[0.16666666,0.55901699],[0.20833333,0.55901699],
[0.25,0.55901699],[0.29166666,0.55901699],[0.33333333,0.55901699],
[0.375,0.55901699],[0.41666666,0.55901699],[0.45833333,0.55901699],
[0.5,0.55901699],[0.54166666,0.55901699],[0.58333333,0.55901699],
[0.625,0.55901699],[0.66666666,0.55901699],[0.70833333,0.55901699],
[0.75,0.55901699],[0.79166666,0.55901699],[0.83333333,0.55901699],
[0.875,0.55901699],[0.91666666,0.55901699],[0.95833333,0.55901699],
[0.0,0.65218649],[0.04166666,0.65218649],[0.08333333,0.65218649],
[0.125,0.65218649],[0.16666666,0.65218649],[0.20833333,0.65218649],
[0.25,0.65218649],[0.29166666,0.65218649],[0.33333333,0.65218649],
[0.375,0.65218649],[0.41666666,0.65218649],[0.45833333,0.65218649],
[0.5,0.65218649],[0.54166666,0.65218649],[0.58333333,0.65218649],
[0.625,0.65218649],[0.66666666,0.65218649],[0.70833333,0.65218649],
[0.75,0.65218649],[0.79166666,0.65218649],[0.83333333,0.65218649],
[0.875,0.65218649],[0.91666666,0.65218649],[0.95833333,0.65218649],
[0.0,0.74535599],[0.04166666,0.74535599],[0.08333333,0.74535599],
[0.125,0.74535599],[0.16666666,0.74535599],[0.20833333,0.74535599],
[0.25,0.74535599],[0.29166666,0.74535599],[0.33333333,0.74535599],
[0.375,0.74535599],[0.41666666,0.74535599],[0.45833333,0.74535599],
[0.5,0.74535599],[0.54166666,0.74535599],[0.58333333,0.74535599],
[0.625,0.74535599],[0.66666666,0.74535599],[0.70833333,0.74535599],
[0.75,0.74535599],[0.79166666,0.74535599],[0.83333333,0.74535599],
[0.875,0.74535599],[0.91666666,0.74535599],[0.95833333,0.74535599],
[0.0,0.83852549],[0.04166666,0.83852549],[0.08333333,0.83852549],
[0.125,0.83852549],[0.16666666,0.83852549],[0.20833333,0.83852549],
[0.25,0.83852549],[0.29166666,0.83852549],[0.33333333,0.83852549],
[0.375,0.83852549],[0.41666666,0.83852549],[0.45833333,0.83852549],
[0.5,0.83852549],[0.54166666,0.83852549],[0.58333333,0.83852549],
[0.625,0.83852549],[0.66666666,0.83852549],[0.70833333,0.83852549],
[0.75,0.83852549],[0.79166666,0.83852549],[0.83333333,0.83852549],
[0.875,0.83852549],[0.91666666,0.83852549],[0.95833333,0.83852549],
[0.0,0.93169499],[0.04166666,0.93169499],[0.08333333,0.93169499],
[0.125,0.93169499],[0.16666666,0.93169499],[0.20833333,0.93169499],
[0.25,0.93169499],[0.29166666,0.93169499],[0.33333333,0.93169499],
[0.375,0.93169499],[0.41666666,0.93169499],[0.45833333,0.93169499],
[0.5,0.93169499],[0.54166666,0.93169499],[0.58333333,0.93169499],
[0.625,0.93169499],[0.66666666,0.93169499],[0.70833333,0.93169499],
[0.75,0.93169499],[0.79166666,0.93169499],[0.83333333,0.93169499],
[0.875,0.93169499],[0.91666666,0.93169499],[0.95833333,0.93169499],
[0.0,1.02486448],[0.04166666,1.02486448],[0.08333333,1.02486448],
[0.125,1.02486448],[0.16666666,1.02486448],[0.20833333,1.02486448],
[0.25,1.02486448],[0.29166666,1.02486448],[0.33333333,1.02486448],
[0.375,1.02486448],[0.41666666,1.02486448],[0.45833333,1.02486448],
[0.5,1.02486448],[0.54166666,1.02486448],[0.58333333,1.02486448],
[0.625,1.02486448],[0.66666666,1.02486448],[0.70833333,1.02486448],
[0.75,1.02486448],[0.79166666,1.02486448],[0.83333333,1.02486448],
[0.875,1.02486448],[0.91666666,1.02486448],[0.95833333,1.02486448],
[0.0,1.11803398],[0.04166666,1.11803398],[0.08333333,1.11803398],
[0.125,1.11803398],[0.16666666,1.11803398],[0.20833333,1.11803398],
[0.25,1.11803398],[0.29166666,1.11803398],[0.33333333,1.11803398],
[0.375,1.11803398],[0.41666666,1.11803398],[0.45833333,1.11803398],
[0.5,1.11803398],[0.54166666,1.11803398],[0.58333333,1.11803398],
[0.625,1.11803398],[0.66666666,1.11803398],[0.70833333,1.11803398],
[0.75,1.11803398],[0.79166666,1.11803398],[0.83333333,1.11803398],
[0.875,1.11803398],[0.91666666,1.11803398],[0.95833333,1.11803398],
[0.0,1.21120348],[0.04166666,1.21120348],[0.08333333,1.21120348],
[0.125,1.21120348],[0.16666666,1.21120348],[0.20833333,1.21120348],
[0.25,1.21120348],[0.29166666,1.21120348],[0.33333333,1.21120348],
[0.375,1.21120348],[0.41666666,1.21120348],[0.45833333,1.21120348],
[0.5,1.21120348],[0.54166666,1.21120348],[0.58333333,1.21120348],
[0.625,1.21120348],[0.66666666,1.21120348],[0.70833333,1.21120348],
[0.75,1.21120348],[0.79166666,1.21120348],[0.83333333,1.21120348],
[0.875,1.21120348],[0.91666666,1.21120348],[0.95833333,1.21120348],
[0.0,1.30437298],[0.04166666,1.30437298],[0.08333333,1.30437298],
[0.125,1.30437298],[0.16666666,1.30437298],[0.20833333,1.30437298],
[0.25,1.30437298],[0.29166666,1.30437298],[0.33333333,1.30437298],
[0.375,1.30437298],[0.41666666,1.30437298],[0.45833333,1.30437298],
[0.5,1.30437298],[0.54166666,1.30437298],[0.58333333,1.30437298],
[0.625,1.30437298],[0.66666666,1.30437298],[0.70833333,1.30437298],
[0.75,1.30437298],[0.79166666,1.30437298],[0.83333333,1.30437298],
[0.875,1.30437298],[0.91666666,1.30437298],[0.95833333,1.30437298],
[0.0,1.39754248],[0.04166666,1.39754248],[0.08333333,1.39754248],
[0.125,1.39754248],[0.16666666,1.39754248],[0.20833333,1.39754248],
[0.25,1.39754248],[0.29166666,1.39754248],[0.33333333,1.39754248],
[0.375,1.39754248],[0.41666666,1.39754248],[0.45833333,1.39754248],
[0.5,1.39754248],[0.54166666,1.39754248],[0.58333333,1.39754248],
[0.625,1.39754248],[0.66666666,1.39754248],[0.70833333,1.39754248],
[0.75,1.39754248],[0.79166666,1.39754248],[0.83333333,1.39754248],
[0.875,1.39754248],[0.91666666,1.39754248],[0.95833333,1.39754248],
[0.0,1.49071198],[0.04166666,1.49071198],[0.08333333,1.49071198],
[0.125,1.49071198],[0.16666666,1.49071198],[0.20833333,1.49071198],
[0.25,1.49071198],[0.29166666,1.49071198],[0.33333333,1.49071198],
[0.375,1.49071198],[0.41666666,1.49071198],[0.45833333,1.49071198],
[0.5,1.49071198],[0.54166666,1.49071198],[0.58333333,1.49071198],
[0.625,1.49071198],[0.66666666,1.49071198],[0.70833333,1.49071198],
[0.75,1.49071198],[0.79166666,1.49071198],[0.83333333,1.49071198],
[0.875,1.49071198],[0.91666666,1.49071198],[0.95833333,1.49071198],
[0.0,1.58388148],[0.04166666,1.58388148],[0.08333333,1.58388148],
[0.125,1.58388148],[0.16666666,1.58388148],[0.20833333,1.58388148],
[0.25,1.58388148],[0.29166666,1.58388148],[0.33333333,1.58388148],
[0.375,1.58388148],[0.41666666,1.58388148],[0.45833333,1.58388148],
[0.5,1.58388148],[0.54166666,1.58388148],[0.58333333,1.58388148],
[0.625,1.58388148],[0.66666666,1.58388148],[0.70833333,1.58388148],
[0.75,1.58388148],[0.79166666,1.58388148],[0.83333333,1.58388148],
[0.875,1.58388148],[0.91666666,1.58388148],[0.95833333,1.58388148],
[0.0,1.67705098],[0.04166666,1.67705098],[0.08333333,1.67705098],
[0.125,1.67705098],[0.16666666,1.67705098],[0.20833333,1.67705098],
[0.25,1.67705098],[0.29166666,1.67705098],[0.33333333,1.67705098],
[0.375,1.67705098],[0.41666666,1.67705098],[0.45833333,1.67705098],
[0.5,1.67705098],[0.54166666,1.67705098],[0.58333333,1.67705098],
[0.625,1.67705098],[0.66666666,1.67705098],[0.70833333,1.67705098],
[0.75,1.67705098],[0.79166666,1.67705098],[0.83333333,1.67705098],
[0.875,1.67705098],[0.91666666,1.67705098],[0.95833333,1.67705098],
[0.0,1.77022048],[0.04166666,1.77022048],[0.08333333,1.77022048],
[0.125,1.77022048],[0.16666666,1.77022048],[0.20833333,1.77022048],
[0.25,1.77022048],[0.29166666,1.77022048],[0.33333333,1.77022048],
[0.375,1.77022048],[0.41666666,1.77022048],[0.45833333,1.77022048],
[0.5,1.77022048],[0.54166666,1.77022048],[0.58333333,1.77022048],
[0.625,1.77022048],[0.66666666,1.77022048],[0.70833333,1.77022048],
[0.75,1.77022048],[0.79166666,1.77022048],[0.83333333,1.77022048],
[0.875,1.77022048],[0.91666666,1.77022048],[0.95833333,1.77022048],
[0.0,1.86338998],[0.04166666,1.86338998],[0.08333333,1.86338998],
[0.125,1.86338998],[0.16666666,1.86338998],[0.20833333,1.86338998],
[0.25,1.86338998],[0.29166666,1.86338998],[0.33333333,1.86338998],
[0.375,1.86338998],[0.41666666,1.86338998],[0.45833333,1.86338998],
[0.5,1.86338998],[0.54166666,1.86338998],[0.58333333,1.86338998],
[0.625,1.86338998],[0.66666666,1.86338998],[0.70833333,1.86338998],
[0.75,1.86338998],[0.79166666,1.86338998],[0.83333333,1.86338998],
[0.875,1.86338998],[0.91666666,1.86338998],[0.95833333,1.86338998],
[0.0,1.95655948],[0.04166666,1.95655948],[0.08333333,1.95655948],
[0.125,1.95655948],[0.16666666,1.95655948],[0.20833333,1.95655948],
[0.25,1.95655948],[0.29166666,1.95655948],[0.33333333,1.95655948],
[0.375,1.95655948],[0.41666666,1.95655948],[0.45833333,1.95655948],
[0.5,1.95655948],[0.54166666,1.95655948],[0.58333333,1.95655948],
[0.625,1.95655948],[0.66666666,1.95655948],[0.70833333,1.95655948],
[0.75,1.95655948],[0.79166666,1.95655948],[0.83333333,1.95655948],
[0.875,1.95655948],[0.91666666,1.95655948],[0.95833333,1.95655948],
[0.0,2.04972897],[0.04166666,2.04972897],[0.08333333,2.04972897],
[0.125,2.04972897],[0.16666666,2.04972897],[0.20833333,2.04972897],
[0.25,2.04972897],[0.29166666,2.04972897],[0.33333333,2.04972897],
[0.375,2.04972897],[0.41666666,2.04972897],[0.45833333,2.04972897],
[0.5,2.04972897],[0.54166666,2.04972897],[0.58333333,2.04972897],
[0.625,2.04972897],[0.66666666,2.04972897],[0.70833333,2.04972897],
[0.75,2.04972897],[0.79166666,2.04972897],[0.83333333,2.04972897],
[0.875,2.04972897],[0.91666666,2.04972897],[0.95833333,2.04972897],
[0.0,2.14289847],[0.04166666,2.14289847],[0.08333333,2.14289847],
[0.125,2.14289847],[0.16666666,2.14289847],[0.20833333,2.14289847],
[0.25,2.14289847],[0.29166666,2.14289847],[0.33333333,2.14289847],
[0.375,2.14289847],[0.41666666,2.14289847],[0.45833333,2.14289847],
[0.5,2.14289847],[0.54166666,2.14289847],[0.58333333,2.14289847],
[0.625,2.14289847],[0.66666666,2.14289847],[0.70833333,2.14289847],
[0.75,2.14289847],[0.79166666,2.14289847],[0.83333333,2.14289847],
[0.875,2.14289847],[0.91666666,2.14289847],[0.95833333,2.14289847],

