[0.0,0.0],[0.04166666,0.0],[0.08333333,0.0],
[0.125,0.0],[0.16666666,0.0],[0.20833333,0.0],
[0.25,0.0],[0.29166666,0.0],[0.33333333,0.0],
[0.375,0.0],[0.41666666,0.0],[0.45833333,0.0],
[0.5,0.0],[0.54166666,0.0],[0.58333333,0.0],
[0.625,0.0],[0.66666666,0.0],[0.70833333,0.0],
[0.75,0.0],[0.79166666,0.0],[0.83333333,0.0],
[0.875,0.0],[0.91666666,0.0],[0.95833333,0.0],
[-0.0208333,0.04658474],[0.02083333,0.04658474],[0.0625,0.04658474],
[0.10416666,0.04658474],[0.14583333,0.04658474],[0.1875,0.04658474],
[0.22916666,0.04658474],[0.27083333,0.04658474],[0.3125,0.04658474],
[0.35416666,0.04658474],[0.39583333,0.04658474],[0.4375,0.04658474],
[0.47916666,0.04658474],[0.52083333,0.04658474],[0.5625,0.04658474],
[0.60416666,0.04658474],[0.64583333,0.04658474],[0.6875,0.04658474],
[0.72916666,0.04658474],[0.77083333,0.04658474],[0.8125,0.04658474],
[0.85416666,0.04658474],[0.89583333,0.04658474],[0.9375,0.04658474],
[-0.0416666,0.09316949],[0.0,0.09316949],[0.04166666,0.09316949],
[0.08333333,0.09316949],[0.125,0.09316949],[0.16666666,0.09316949],
[0.20833333,0.09316949],[0.25,0.09316949],[0.29166666,0.09316949],
[0.33333333,0.09316949],[0.375,0.09316949],[0.41666666,0.09316949],
[0.45833333,0.09316949],[0.5,0.09316949],[0.54166666,0.09316949],
[0.58333333,0.09316949],[0.625,0.09316949],[0.66666666,0.09316949],
[0.70833333,0.09316949],[0.75,0.09316949],[0.79166666,0.09316949],
[0.83333333,0.09316949],[0.875,0.09316949],[0.91666666,0.09316949],
[-0.0625,0.13975424],[-0.0208333,0.13975424],[0.02083333,0.13975424],
[0.0625,0.13975424],[0.10416666,0.13975424],[0.14583333,0.13975424],
[0.1875,0.13975424],[0.22916666,0.13975424],[0.27083333,0.13975424],
[0.3125,0.13975424],[0.35416666,0.13975424],[0.39583333,0.13975424],
[0.4375,0.13975424],[0.47916666,0.13975424],[0.52083333,0.13975424],
[0.5625,0.13975424],[0.60416666,0.13975424],[0.64583333,0.13975424],
[0.6875,0.13975424],[0.72916666,0.13975424],[0.77083333,0.13975424],
[0.8125,0.13975424],[0.85416666,0.13975424],[0.89583333,0.13975424],
[-0.0833333,0.18633899],[-0.0416666,0.18633899],[0.0,0.18633899],
[0.04166666,0.18633899],[0.08333333,0.18633899],[0.125,0.18633899],
[0.16666666,0.18633899],[0.20833333,0.18633899],[0.25,0.18633899],
[0.29166666,0.18633899],[0.33333333,0.18633899],[0.375,0.18633899],
[0.41666666,0.18633899],[0.45833333,0.18633899],[0.5,0.18633899],
[0.54166666,0.18633899],[0.58333333,0.18633899],[0.625,0.18633899],
[0.66666666,0.18633899],[0.70833333,0.18633899],[0.75,0.18633899],
[0.79166666,0.18633899],[0.83333333,0.18633899],[0.875,0.18633899],
[-0.1041666,0.23292374],[-0.0625,0.23292374],[-0.0208333,0.23292374],
[0.02083333,0.23292374],[0.0625,0.23292374],[0.10416666,0.23292374],
[0.14583333,0.23292374],[0.1875,0.23292374],[0.22916666,0.23292374],
[0.27083333,0.23292374],[0.3125,0.23292374],[0.35416666,0.23292374],
[0.39583333,0.23292374],[0.4375,0.23292374],[0.47916666,0.23292374],
[0.52083333,0.23292374],[0.5625,0.23292374],[0.60416666,0.23292374],
[0.64583333,0.23292374],[0.6875,0.23292374],[0.72916666,0.23292374],
[0.77083333,0.23292374],[0.8125,0.23292374],[0.85416666,0.23292374],
[-0.125,0.27950849],[-0.0833333,0.27950849],[-0.0416666,0.27950849],
[0.0,0.27950849],[0.04166666,0.27950849],[0.08333333,0.27950849],
[0.125,0.27950849],[0.16666666,0.27950849],[0.20833333,0.27950849],
[0.25,0.27950849],[0.29166666,0.27950849],[0.33333333,0.27950849],
[0.375,0.27950849],[0.41666666,0.27950849],[0.45833333,0.27950849],
[0.5,0.27950849],[0.54166666,0.27950849],[0.58333333,0.27950849],
[0.625,0.27950849],[0.66666666,0.27950849],[0.70833333,0.27950849],
[0.75,0.27950849],[0.79166666,0.27950849],[0.83333333,0.27950849],
[-0.1458333,0.32609324],[-0.1041666,0.32609324],[-0.0625,0.32609324],
[-0.0208333,0.32609324],[0.02083333,0.32609324],[0.0625,0.32609324],
[0.10416666,0.32609324],[0.14583333,0.32609324],[0.1875,0.32609324],
[0.22916666,0.32609324],[0.27083333,0.32609324],[0.3125,0.32609324],
[0.35416666,0.32609324],[0.39583333,0.32609324],[0.4375,0.32609324],
[0.47916666,0.32609324],[0.52083333,0.32609324],[0.5625,0.32609324],
[0.60416666,0.32609324],[0.64583333,0.32609324],[0.6875,0.32609324],
[0.72916666,0.32609324],[0.77083333,0.32609324],[0.8125,0.32609324],
[-0.1666666,0.37267799],[-0.125,0.37267799],[-0.0833333,0.37267799],
[-0.0416666,0.37267799],[0.0,0.37267799],[0.04166666,0.37267799],
[0.08333333,0.37267799],[0.125,0.37267799],[0.16666666,0.37267799],
[0.20833333,0.37267799],[0.25,0.37267799],[0.29166666,0.37267799],
[0.33333333,0.37267799],[0.375,0.37267799],[0.41666666,0.37267799],
[0.45833333,0.37267799],[0.5,0.37267799],[0.54166666,0.37267799],
[0.58333333,0.37267799],[0.625,0.37267799],[0.66666666,0.37267799],
[0.70833333,0.37267799],[0.75,0.37267799],[0.79166666,0.37267799],
[-0.1875,0.41926274],[-0.1458333,0.41926274],[-0.1041666,0.41926274],
[-0.0625,0.41926274],[-0.0208333,0.41926274],[0.02083333,0.41926274],
[0.0625,0.41926274],[0.10416666,0.41926274],[0.14583333,0.41926274],
[0.1875,0.41926274],[0.22916666,0.41926274],[0.27083333,0.41926274],
[0.3125,0.41926274],[0.35416666,0.41926274],[0.39583333,0.41926274],
[0.4375,0.41926274],[0.47916666,0.41926274],[0.52083333,0.41926274],
[0.5625,0.41926274],[0.60416666,0.41926274],[0.64583333,0.41926274],
[0.6875,0.41926274],[0.72916666,0.41926274],[0.77083333,0.41926274],
[-0.2083333,0.46584749],[-0.1666666,0.46584749],[-0.125,0.46584749],
[-0.0833333,0.46584749],[-0.0416666,0.46584749],[0.0,0.46584749],
[0.04166666,0.46584749],[0.08333333,0.46584749],[0.125,0.46584749],
[0.16666666,0.46584749],[0.20833333,0.46584749],[0.25,0.46584749],
[0.29166666,0.46584749],[0.33333333,0.46584749],[0.375,0.46584749],
[0.41666666,0.46584749],[0.45833333,0.46584749],[0.5,0.46584749],
[0.54166666,0.46584749],[0.58333333,0.46584749],[0.625,0.46584749],
[0.66666666,0.46584749],[0.70833333,0.46584749],[0.75,0.46584749],
[-0.2291666,0.51243224],[-0.1875,0.51243224],[-0.1458333,0.51243224],
[-0.1041666,0.51243224],[-0.0625,0.51243224],[-0.0208333,0.51243224],
[0.02083333,0.51243224],[0.0625,0.51243224],[0.10416666,0.51243224],
[0.14583333,0.51243224],[0.1875,0.51243224],[0.22916666,0.51243224],
[0.27083333,0.51243224],[0.3125,0.51243224],[0.35416666,0.51243224],
[0.39583333,0.51243224],[0.4375,0.51243224],[0.47916666,0.51243224],
[0.52083333,0.51243224],[0.5625,0.51243224],[0.60416666,0.51243224],
[0.64583333,0.51243224],[0.6875,0.51243224],[0.72916666,0.51243224],
[-0.25,0.55901699],[-0.2083333,0.55901699],[-0.1666666,0.55901699],
[-0.125,0.55901699],[-0.0833333,0.55901699],[-0.0416666,0.55901699],
[0.0,0.55901699],[0.04166666,0.55901699],[0.08333333,0.55901699],
[0.125,0.55901699],[0.16666666,0.55901699],[0.20833333,0.55901699],
[0.25,0.55901699],[0.29166666,0.55901699],[0.33333333,0.55901699],
[0.375,0.55901699],[0.41666666,0.55901699],[0.45833333,0.55901699],
[0.5,0.55901699],[0.54166666,0.55901699],[0.58333333,0.55901699],
[0.625,0.55901699],[0.66666666,0.55901699],[0.70833333,0.55901699],
[-0.2708333,0.60560174],[-0.2291666,0.60560174],[-0.1875,0.60560174],
[-0.1458333,0.60560174],[-0.1041666,0.60560174],[-0.0625,0.60560174],
[-0.0208333,0.60560174],[0.02083333,0.60560174],[0.0625,0.60560174],
[0.10416666,0.60560174],[0.14583333,0.60560174],[0.1875,0.60560174],
[0.22916666,0.60560174],[0.27083333,0.60560174],[0.3125,0.60560174],
[0.35416666,0.60560174],[0.39583333,0.60560174],[0.4375,0.60560174],
[0.47916666,0.60560174],[0.52083333,0.60560174],[0.5625,0.60560174],
[0.60416666,0.60560174],[0.64583333,0.60560174],[0.6875,0.60560174],
[-0.2916666,0.65218649],[-0.25,0.65218649],[-0.2083333,0.65218649],
[-0.1666666,0.65218649],[-0.125,0.65218649],[-0.0833333,0.65218649],
[-0.0416666,0.65218649],[0.0,0.65218649],[0.04166666,0.65218649],
[0.08333333,0.65218649],[0.125,0.65218649],[0.16666666,0.65218649],
[0.20833333,0.65218649],[0.25,0.65218649],[0.29166666,0.65218649],
[0.33333333,0.65218649],[0.375,0.65218649],[0.41666666,0.65218649],
[0.45833333,0.65218649],[0.5,0.65218649],[0.54166666,0.65218649],
[0.58333333,0.65218649],[0.625,0.65218649],[0.66666666,0.65218649],
[-0.3125,0.69877124],[-0.2708333,0.69877124],[-0.2291666,0.69877124],
[-0.1875,0.69877124],[-0.1458333,0.69877124],[-0.1041666,0.69877124],
[-0.0625,0.69877124],[-0.0208333,0.69877124],[0.02083333,0.69877124],
[0.0625,0.69877124],[0.10416666,0.69877124],[0.14583333,0.69877124],
[0.1875,0.69877124],[0.22916666,0.69877124],[0.27083333,0.69877124],
[0.3125,0.69877124],[0.35416666,0.69877124],[0.39583333,0.69877124],
[0.4375,0.69877124],[0.47916666,0.69877124],[0.52083333,0.69877124],
[0.5625,0.69877124],[0.60416666,0.69877124],[0.64583333,0.69877124],
[-0.3333333,0.74535599],[-0.2916666,0.74535599],[-0.25,0.74535599],
[-0.2083333,0.74535599],[-0.1666666,0.74535599],[-0.125,0.74535599],
[-0.0833333,0.74535599],[-0.0416666,0.74535599],[0.0,0.74535599],
[0.04166666,0.74535599],[0.08333333,0.74535599],[0.125,0.74535599],
[0.16666666,0.74535599],[0.20833333,0.74535599],[0.25,0.74535599],
[0.29166666,0.74535599],[0.33333333,0.74535599],[0.375,0.74535599],
[0.41666666,0.74535599],[0.45833333,0.74535599],[0.5,0.74535599],
[0.54166666,0.74535599],[0.58333333,0.74535599],[0.625,0.74535599],
[-0.3541666,0.79194074],[-0.3125,0.79194074],[-0.2708333,0.79194074],
[-0.2291666,0.79194074],[-0.1875,0.79194074],[-0.1458333,0.79194074],
[-0.1041666,0.79194074],[-0.0625,0.79194074],[-0.0208333,0.79194074],
[0.02083333,0.79194074],[0.0625,0.79194074],[0.10416666,0.79194074],
[0.14583333,0.79194074],[0.1875,0.79194074],[0.22916666,0.79194074],
[0.27083333,0.79194074],[0.3125,0.79194074],[0.35416666,0.79194074],
[0.39583333,0.79194074],[0.4375,0.79194074],[0.47916666,0.79194074],
[0.52083333,0.79194074],[0.5625,0.79194074],[0.60416666,0.79194074],
[-0.375,0.83852549],[-0.3333333,0.83852549],[-0.2916666,0.83852549],
[-0.25,0.83852549],[-0.2083333,0.83852549],[-0.1666666,0.83852549],
[-0.125,0.83852549],[-0.0833333,0.83852549],[-0.0416666,0.83852549],
[0.0,0.83852549],[0.04166666,0.83852549],[0.08333333,0.83852549],
[0.125,0.83852549],[0.16666666,0.83852549],[0.20833333,0.83852549],
[0.25,0.83852549],[0.29166666,0.83852549],[0.33333333,0.83852549],
[0.375,0.83852549],[0.41666666,0.83852549],[0.45833333,0.83852549],
[0.5,0.83852549],[0.54166666,0.83852549],[0.58333333,0.83852549],
[-0.3958333,0.88511024],[-0.3541666,0.88511024],[-0.3125,0.88511024],
[-0.2708333,0.88511024],[-0.2291666,0.88511024],[-0.1875,0.88511024],
[-0.1458333,0.88511024],[-0.1041666,0.88511024],[-0.0625,0.88511024],
[-0.0208333,0.88511024],[0.02083333,0.88511024],[0.0625,0.88511024],
[0.10416666,0.88511024],[0.14583333,0.88511024],[0.1875,0.88511024],
[0.22916666,0.88511024],[0.27083333,0.88511024],[0.3125,0.88511024],
[0.35416666,0.88511024],[0.39583333,0.88511024],[0.4375,0.88511024],
[0.47916666,0.88511024],[0.52083333,0.88511024],[0.5625,0.88511024],
[-0.4166666,0.93169499],[-0.375,0.93169499],[-0.3333333,0.93169499],
[-0.2916666,0.93169499],[-0.25,0.93169499],[-0.2083333,0.93169499],
[-0.1666666,0.93169499],[-0.125,0.93169499],[-0.0833333,0.93169499],
[-0.0416666,0.93169499],[0.0,0.93169499],[0.04166666,0.93169499],
[0.08333333,0.93169499],[0.125,0.93169499],[0.16666666,0.93169499],
[0.20833333,0.93169499],[0.25,0.93169499],[0.29166666,0.93169499],
[0.33333333,0.93169499],[0.375,0.93169499],[0.41666666,0.93169499],
[0.45833333,0.93169499],[0.5,0.93169499],[0.54166666,0.93169499],
[-0.4375,0.97827974],[-0.3958333,0.97827974],[-0.3541666,0.97827974],
[-0.3125,0.97827974],[-0.2708333,0.97827974],[-0.2291666,0.97827974],
[-0.1875,0.97827974],[-0.1458333,0.97827974],[-0.1041666,0.97827974],
[-0.0625,0.97827974],[-0.0208333,0.97827974],[0.02083333,0.97827974],
[0.0625,0.97827974],[0.10416666,0.97827974],[0.14583333,0.97827974],
[0.1875,0.97827974],[0.22916666,0.97827974],[0.27083333,0.97827974],
[0.3125,0.97827974],[0.35416666,0.97827974],[0.39583333,0.97827974],
[0.4375,0.97827974],[0.47916666,0.97827974],[0.52083333,0.97827974],
[-0.4583333,1.02486448],[-0.4166666,1.02486448],[-0.375,1.02486448],
[-0.3333333,1.02486448],[-0.2916666,1.02486448],[-0.25,1.02486448],
[-0.2083333,1.02486448],[-0.1666666,1.02486448],[-0.125,1.02486448],
[-0.0833333,1.02486448],[-0.0416666,1.02486448],[0.0,1.02486448],
[0.04166666,1.02486448],[0.08333333,1.02486448],[0.125,1.02486448],
[0.16666666,1.02486448],[0.20833333,1.02486448],[0.25,1.02486448],
[0.29166666,1.02486448],[0.33333333,1.02486448],[0.375,1.02486448],
[0.41666666,1.02486448],[0.45833333,1.02486448],[0.5,1.02486448],
[-0.4791666,1.07144923],[-0.4375,1.07144923],[-0.3958333,1.07144923],
[-0.3541666,1.07144923],[-0.3125,1.07144923],[-0.2708333,1.07144923],
[-0.2291666,1.07144923],[-0.1875,1.07144923],[-0.1458333,1.07144923],
[-0.1041666,1.07144923],[-0.0625,1.07144923],[-0.0208333,1.07144923],
[0.02083333,1.07144923],[0.0625,1.07144923],[0.10416666,1.07144923],
[0.14583333,1.07144923],[0.1875,1.07144923],[0.22916666,1.07144923],
[0.27083333,1.07144923],[0.3125,1.07144923],[0.35416666,1.07144923],
[0.39583333,1.07144923],[0.4375,1.07144923],[0.47916666,1.07144923],

