[-0.3807692,3.10217284],[-0.4269230,3.00128917],[0.48076923,0.83229027],
[0.43461538,2.04289430],[0.43461538,0.73140660],[0.38846153,1.94201063],
[0.38846153,0.63052293],[0.51153846,2.64819632],[0.46538461,2.54731265],
[0.49615384,3.05173100],[-0.1499999,2.95084733],[-0.1499999,1.63935963],
[-0.1961538,2.84996366],[0.11538461,2.87518458],[-0.2423076,2.74907999],
[0.66538461,0.58008110],[0.30769230,0.45397651],[0.61923076,0.47919743],
[0.57307692,0.37831376],[0.43076923,1.16016220],[-0.2115384,3.25349834],
[0.38461538,1.05927853],[0.69615384,1.08449944],[0.33846153,0.95839486],
[-0.0423076,0.78184843],[-0.0884615,0.68096476],[0.03461538,1.38715045],
[0.49230769,0.20176733],[0.75769230,0.12610458],[-0.1999999,1.96723155],
[0.06538461,3.20305650],[0.01923076,3.10217284],[0.61538461,0.90795302],
[-0.0269230,3.00128917],[0.56923076,0.80706935],[0.52307692,0.70618568],
[0.64615384,1.41237137],[0.6,1.31148770],[-0.0923076,1.10972036],
[0.21923076,1.13494128],[-0.1384615,1.00883669],[0.17307692,1.03405761],
[-0.0153846,1.71502238],[-0.0615384,1.61413871],[-0.1076923,1.51325504],
[0.70769230,0.45397651],[0.01538461,2.21944073],[-0.0307692,2.11855706],
[0.78461538,1.05927853],[0.73846153,0.95839486],[0.55,1.63935963],
[0.16923076,1.46281320],[0.12307692,1.36192953],[0.07692307,1.26104587],
[0.20000000,1.96723155],[-0.1576923,1.84112697],[0.15384615,1.86634788],
[-0.0346153,2.54731265],[-0.0807692,2.44642898],[0.78076923,0.17654642],
[0.73461538,1.38715045],[0.68846153,1.28626678],[0.07307692,0.37831376],
[0.02692307,1.58891779],[0.33846153,1.61413871],[0.02692307,0.27743009],
[0.29230769,1.51325504],[0.15000000,2.29510348],[0.10384615,2.19421981],
[0.05769230,2.09333614],[0.18076923,2.79952183],[0.13461538,2.69863816],
[0.73076923,0.50441834],[0.08846153,2.59775449],[0.25769230,0.12610458],
[0.21153846,0.02522091],[0.02307692,0.70618568],[0.33461538,0.73140660],
[0.28846153,1.94201063],[-0.0230769,0.60530201],[0.24230769,1.84112697],
[0.36538461,2.54731265],[0.31923076,2.44642898],[0.91538461,0.25220917],
[0.27307692,2.34554531],[0.86923076,0.15132550],[0.82307692,0.05044183],
[0.13076923,3.12739375],[0.08461538,3.02651008],[0.39615384,3.05173100],
[0.03846153,2.92562641],[-0.3423076,2.74907999],[-0.3884615,2.64819632],
[0.20769230,0.45397651],[0.51923076,0.47919743],[0.16153846,0.35309284],
[-0.3115384,3.25349834],[0.28461538,1.05927853],[0.23846153,0.95839486],
[0.19230769,0.85751119],[0.45769230,2.09333614],[0.26923076,2.77430091],
[0.22307692,2.67341724],[0.39230769,0.20176733],[0.34615384,0.10088366],
[-0.3923076,3.07695192],[-0.0807692,3.10217284],[-0.4384615,2.97606825],
[-0.1269230,3.00128917],[0.46923076,0.80706935],[0.42307692,0.70618568],
[0.37692307,0.60530201],[0.18846153,1.28626678],[0.5,1.31148770],
[0.14230769,1.18538311],[0.45384615,1.21060403],[0.40769230,2.42120807],
[0.48461538,3.02651008],[0.43846153,2.92562641],[-0.2076923,1.51325504],
[0.56153846,0.35309284],[-0.2230769,3.22827742],[0.37307692,1.03405761],
[0.68461538,1.05927853],[0.32692307,0.93317394],[0.63846153,0.95839486],
[0.45000000,1.63935963],[0.40384615,1.53847596],[0.35769230,1.43759229],
[0.48076923,2.14377797],[0.38846153,3.25349834],[-0.0230769,1.26104587],
[-0.0692307,1.16016220],[-0.2576923,1.84112697],[0.51153846,0.68096476],
[-0.2269230,2.34554531],[-0.2730769,2.24466164],[0.63461538,1.38715045],
[0.63461538,0.07566275],[0.58846153,1.28626678],[0.54230769,1.18538311],
[0.66538461,1.89156880],[0.30769230,1.76546421],[0.61923076,1.79068513],
[0.57307692,1.68980146],[0.43076923,2.47164990],[-0.0730769,1.58891779],
[-0.1192307,1.48803412],[-0.0423076,2.09333614],[-0.0884615,1.99245247],
[-0.2769230,2.67341724],[0.03461538,2.69863816],[-0.3230769,2.57253357],
[-0.0115384,2.59775449],[0.58461538,0.40353467],[0.49230769,1.51325504],
[0.75769230,1.43759229],[0.61538461,2.21944073],[0.56923076,2.11855706],
[0.52307692,2.01767339],[0.11153846,0.02522091],[0.14230769,1.84112697],
[0.09615384,1.74024330],[-0.0923076,2.42120807],[0.21923076,2.44642898],
[-0.1384615,2.32032440],[0.17307692,2.34554531],[0.76923076,0.15132550],
[0.72307692,0.05044183],[-0.0153846,3.02651008],[-0.0615384,2.92562641],
[-0.1076923,2.82474274],[0.8,0.65574385],[0.75384615,0.55486018],
[0.70769230,1.76546421],[0.06153846,0.35309284],[0.01538461,0.25220917],
[0.09230769,2.16899889],[0.09230769,0.85751119],[0.04615384,2.06811522],
[0.16923076,2.77430091],[0.12307692,2.67341724],[0.07692307,2.57253357],
[0.67307692,0.37831376],[0.62692307,0.27743009],[0.93846153,0.30265100],
[-0.1576923,3.15261467],[0.15384615,3.17783559],[0.75,0.98361577],
[0.70384615,0.88273210],[0.2,0.0],[-0.0346153,0.58008110],
[0.27692307,0.60530201],[0.23076923,0.50441834],[0.04230769,1.18538311],
[-0.0038461,1.08449944],[0.26153846,2.32032440],[0.85769230,0.12610458],
[0.81153846,0.02522091],[0.38461538,3.02651008],[0.02692307,2.90040550],
[0.33846153,2.92562641],[0.29230769,2.82474274],[0.88846153,0.63052293],
[0.84230769,0.52963926],[0.15,0.32787192],[0.10384615,0.22698825],
[-0.3230769,3.22827742],[-0.3692307,3.12739375],[0.22692307,0.93317394],
[0.18076923,0.83229027],[0.25769230,1.43759229],[0.21153846,2.64819632],
[0.21153846,1.33670862],[0.33461538,2.04289430],[0.28846153,3.25349834],
[0.24230769,3.15261467],[0.79230769,0.85751119],[0.44230769,1.18538311],
[0.39615384,1.08449944],[0.20769230,1.76546421],[0.51923076,1.79068513],
[0.16153846,1.66458054],[0.28461538,2.37076623],[-0.2192307,1.48803412],
[-0.1884615,1.99245247],[0.39230769,1.51325504],[0.70384615,1.53847596],
[0.34615384,1.41237137],[0.65769230,1.43759229],[0.46923076,2.11855706],
[0.42307692,2.01767339],[0.37692307,1.91678972],[0.50000000,2.62297540],
[0.45384615,2.52209174],[-0.2384615,2.32032440],[-0.2846153,2.21944073],
[-0.2076923,2.82474274],[0.65384615,1.86634788],[-0.2538461,2.72385907],
[0.60769230,1.76546421],[0.56153846,1.66458054],[0.32692307,2.24466164],
[0.63846153,2.26988256],[0.45000000,2.95084733],[0.40384615,2.84996366],
[-0.0999999,1.96723155],[-0.1461538,1.86634788],[-0.3346153,2.54731265],
[-0.0230769,2.57253357],[-0.0692307,2.47164990],[0.52692307,0.27743009],
[0.48076923,0.17654642],[-0.2576923,3.15261467],[-0.3038461,3.05173100],
[0.60384615,0.88273210],[0.55769230,0.78184843],[0.51153846,1.99245247],
[0.58846153,2.59775449],[0.54230769,2.49687082],[-0.1038461,1.08449944],
[-0.1499999,2.29510348],[-0.1499999,0.98361577],[-0.1961538,2.19421981],
[0.71153846,0.02522091],[-0.0730769,2.90040550],[-0.1192307,2.79952183],
[0.74230769,0.52963926],[0.69615384,0.42875559],[0.55384615,1.21060403],
[0.50769230,1.10972036],[0.81923076,1.13494128],[0.00384615,0.22698825],
[-0.4692307,3.12739375],[0.08076923,0.83229027],[0.03461538,0.73140660],
[-0.0115384,0.63052293],[-0.1538461,1.41237137],[-0.1999999,1.31148770],
[0.11153846,1.33670862],[0.92692307,0.27743009],[0.88076923,0.17654642],
[0.14230769,3.15261467],[0.09615384,3.05173100],[0.69230769,0.85751119],
[0.64615384,0.75662752],[0.76923076,1.46281320],[0.72307692,1.36192953],
[0.67692307,1.26104587],[0.17307692,0.37831376],[0.03076923,1.16016220],
[-0.0153846,1.05927853],[0.29615384,1.08449944],[-0.0615384,0.95839486],
[0.06153846,1.66458054],[0.01538461,1.56369687],[0.87692307,0.60530201],
[-0.0307692,1.46281320],[0.83076923,0.50441834],[0.67307692,1.68980146],
[0.62692307,1.58891779],[0.12307692,0.70618568],[0.24615384,1.41237137],
[0.20000000,1.31148770],[0.15384615,1.21060403],[-0.0346153,1.89156880],
[0.27692307,1.91678972],[-0.0807692,1.79068513],[0.23076923,1.81590605],
[0.35384615,2.52209174],[0.19615384,0.42875559],[0.15000000,1.63935963],
[0.46153846,1.66458054],[0.10384615,1.53847596],[0.41538461,1.56369687],
[0.22692307,2.24466164],[0.18076923,2.14377797],[0.30384615,2.84996366],
[0.25769230,2.74907999],[-0.2461538,1.86634788],[0.38076923,0.17654642],
[0.02307692,0.05044183],[0.33461538,0.07566275],[-0.4038461,3.05173100],
[-0.4499999,2.95084733],[0.14615384,0.75662752],[0.41153846,1.99245247],
[0.41153846,0.68096476],[0.36538461,1.89156880],[0.44230769,2.49687082],
[0.39615384,2.39598715],[0.94615384,0.10088366],[0.20769230,3.07695192],
[0.51923076,3.10217284],[0.47307692,3.00128917],[-0.2961538,2.19421981],
[-0.2192307,2.79952183],[-0.2653846,2.69863816],[0.33076923,0.50441834],
[-0.3115384,2.59775449],[0.28461538,0.40353467],[0.59615384,0.42875559],
[0.23846153,0.30265100],[0.36153846,1.00883669],[0.62692307,2.24466164],
[0.31538461,0.90795302],[0.58076923,2.14377797],[0.39230769,2.82474274],
[0.34615384,2.72385907],[-0.0653846,0.73140660],[0.37692307,3.22827742],
[0.51538461,0.25220917],[-0.1269230,2.34554531],[0.46923076,0.15132550],
[0.42307692,0.05044183],[-0.3153846,3.02651008],[-0.0038461,3.05173100],
[-0.3615384,2.92562641],[0.54615384,0.75662752],[0.5,0.65574385],
[0.45384615,0.55486018],[0.57692307,2.57253357],[0.26538461,1.23582495],
[0.57692307,1.26104587],[0.53076923,2.47164990],[0.53076923,1.16016220],
[-0.1153846,1.05927853],[-0.0846153,1.56369687],[-0.1307692,1.46281320],
[-0.1769230,2.67341724],[0.68461538,0.40353467],[0.63846153,0.30265100],
[-0.1461538,3.17783559],[0.45,0.98361577],[0.76153846,1.00883669],
[0.40384615,0.88273210],[0.71538461,0.90795302],[0.52692307,1.58891779],
[0.48076923,1.48803412],[0.10000000,1.31148770],[0.05384615,1.21060403],
[-0.1346153,1.89156880],[-0.1807692,1.79068513],[-0.2269230,1.68980146],
[0.63461538,0.73140660],[0.58846153,0.63052293],[-0.1038461,2.39598715],
[0.71153846,1.33670862],[0.66538461,1.23582495],[0.69615384,1.74024330],
[0.05000000,1.63935963],[0.05000000,0.32787192],[0.00384615,1.53847596],
[-0.0423076,1.43759229],[0.08076923,2.14377797],[-0.2769230,2.01767339],
[0.03461538,2.04289430],[-0.0115384,1.94201063],[-0.1538461,2.72385907],
[0.11153846,2.64819632],[0.64615384,2.06811522],[0.23461538,0.07566275],
[2.73285667,0.65574385],[0.26538461,1.89156880],[0.21923076,1.79068513],
[0.17307692,1.68980146],[0.03076923,2.47164990],[-0.0153846,2.37076623],
[0.29615384,2.39598715],[-0.0615384,2.26988256],[0.84615384,0.10088366],
[0.8,0.0],[0.06153846,2.97606825],[0.01538461,2.87518458],
[-0.3653846,2.69863816],[0.18461538,0.40353467],[0.13846153,0.30265100],
[0.09230769,0.20176733],[0.21538461,0.90795302],[0.16923076,2.11855706],
[0.16923076,0.80706935],[0.12307692,2.01767339],[0.24615384,2.72385907],
[0.20000000,2.62297540],[0.15384615,2.52209174],[0.75,0.32787192],
[-0.0346153,3.20305650],[0.27692307,3.22827742],[0.23076923,3.12739375],
[0.36923076,0.15132550],[0.32307692,0.05044183],[-0.4153846,3.02651008],
[0.08846153,0.63052293],[0.4,0.65574385],[0.04230769,0.52963926],
[0.35384615,0.55486018],[0.16538461,1.23582495],[0.11923076,1.13494128],
[0.38461538,2.37076623],[0.33846153,2.26988256],[0.93461538,0.07566275],
[0.15000000,2.95084733],[0.46153846,2.97606825],[0.10384615,2.84996366],
[0.41538461,2.87518458],[0.22692307,0.27743009],[0.53846153,0.30265100],
[-0.2461538,3.17783559],[0.35,0.98361577],[-0.2923076,3.07695192],
[0.30384615,0.88273210],[0.25769230,0.78184843],[0.38076923,1.48803412],
[0.33461538,1.38715045],[0.28846153,2.59775449],[0.28846153,1.28626678],
[0.36538461,3.20305650],[0.48846153,0.63052293],[0.44230769,0.52963926],
[-0.2499999,2.29510348],[0.56538461,1.23582495],[0.20769230,1.10972036],
[0.51923076,1.13494128],[0.47307692,1.03405761],[0.33076923,1.81590605],
[0.28461538,1.71502238],[0.59615384,1.74024330],[0.23846153,1.61413871],
[-0.1423076,1.43759229],[-0.1884615,1.33670862],[-0.0653846,2.04289430],
[-0.1115384,1.94201063],[0.39230769,0.85751119],[0.65769230,0.78184843],
[-0.2999999,2.62297540],[0.51538461,1.56369687],[0.46923076,1.46281320],
[0.42307692,1.36192953],[0.54615384,2.06811522],[0.5,1.96723155],
[-0.1923076,1.76546421],[0.11923076,1.79068513],[-0.2384615,1.66458054],
[0.07307692,1.68980146],[-0.1153846,2.37076623],[-0.1615384,2.26988256],
[-0.2076923,2.16899889],[0.7,0.0],[0.60769230,1.10972036],
[-0.0846153,2.87518458],[-0.1307692,2.77430091],[0.68461538,1.71502238],
[0.63846153,1.61413871],[0.45000000,2.29510348],[-0.0076923,0.20176733],
[0.06923076,2.11855706],[0.02307692,2.01767339],[-0.0230769,1.91678972],
[0.10000000,2.62297540],[-0.2576923,2.49687082],[0.05384615,2.52209174],
[0.65,0.32787192],[0.00769230,2.42120807],[0.60384615,0.22698825],
[0.55769230,0.12610458],[-0.1346153,3.20305650],[-0.1807692,3.10217284],
[0.68076923,0.83229027],[0.63461538,2.04289430],[0.58846153,1.94201063],
[-0.0576923,0.52963926],[-0.0269230,1.03405761],[-0.0730769,2.24466164],
[0.23846153,2.26988256],[-0.0730769,0.93317394],[0.83461538,0.07566275],
[0.19230769,2.16899889],[0.05000000,2.95084733],[0.00384615,2.84996366],
[0.31538461,2.87518458],[-0.0423076,2.74907999],[0.86538461,0.58008110],
[0.50769230,0.45397651],[0.81923076,0.47919743],[0.77307692,0.37831376],
[0.63076923,1.16016220],[-0.0115384,3.25349834],[0.12692307,0.27743009],
[0.08076923,0.17654642],[0.15769230,0.78184843],[0.11153846,0.68096476],
[-0.0769230,1.36192953],[0.23461538,1.38715045],[0.18846153,2.59775449],
[-0.1230769,1.26104587],[0.14230769,2.49687082],[0.69230769,0.20176733],
[0.95769230,0.12610458],[0.26538461,3.20305650],[0.21923076,3.10217284],
[0.81538461,0.90795302],[0.17307692,3.00128917],[0.76923076,0.80706935],
[0.72307692,0.70618568],[0.34230769,0.52963926],[0.29615384,0.42875559],
[0.10769230,1.10972036],[0.41923076,1.13494128],[0.06153846,1.00883669],
[0.18461538,1.71502238],[0.13846153,1.61413871],[0.09230769,1.51325504],
[0.35769230,2.74907999],[0.90769230,0.45397651],[0.29230769,0.85751119],
[0.24615384,0.75662752],[0.36923076,1.46281320],[0.32307692,1.36192953],
[0.27692307,1.26104587],[0.08846153,1.94201063],[0.40000000,1.96723155],
[0.04230769,1.84112697],[0.35384615,1.86634788],[0.30769230,3.07695192],
[-0.3076923,2.16899889],[0.46153846,1.00883669],[0.58461538,1.71502238],
[0.22692307,1.58891779],[0.53846153,1.61413871],[0.35000000,2.29510348],
[0.30384615,2.19421981],[0.25769230,2.09333614],[0.38076923,2.79952183],
[-0.1230769,1.91678972],[-0.1692307,1.81590605],[-0.3576923,2.49687082],
[0.14615384,0.10088366],[0.45769230,0.12610458],[0.41153846,1.33670862],
[0.41153846,0.02522091],[-0.3269230,3.00128917],[-0.3730769,2.90040550],
[0.53461538,2.04289430],[0.53461538,0.73140660],[0.48846153,1.94201063],
[0.44230769,1.84112697],[0.56538461,2.54731265],[0.20769230,2.42120807],
[0.51923076,2.44642898],[0.47307692,2.34554531],[0.33076923,3.12739375],
[-0.1730769,2.24466164],[-0.2192307,2.14377797],[-0.1423076,2.74907999],
[-0.1884615,2.64819632],[0.40769230,0.45397651],[0.71923076,0.47919743],
[0.36153846,0.35309284],[-0.4230769,3.22827742],[-0.1115384,3.25349834],
[0.48461538,1.05927853],[-0.0192307,0.17654642],[0.65769230,2.09333614],
[0.51538461,2.87518458],[0.46923076,2.77430091],[0.42307692,2.67341724],
[0.01153846,0.68096476],[0.04230769,2.49687082],[-0.0038461,2.39598715],
[0.59230769,0.20176733],[0.90384615,0.22698825],[0.54615384,0.10088366],
[-0.1923076,3.07695192],[0.11923076,3.10217284],[-0.2384615,2.97606825],
[0.07307692,3.00128917],[0.66923076,0.80706935],[0.62307692,0.70618568],
[0.57692307,0.60530201],[0.7,1.31148770],[0.65384615,1.21060403],
[-0.0692307,0.50441834],[0.60769230,2.42120807],[-0.0384615,1.00883669],
[-0.0846153,0.90795302],[-0.0076923,2.82474274],[-0.0076923,1.51325504],
[-0.0538461,2.72385907],[0.85384615,0.55486018],[-0.0538461,1.41237137],
[0.80769230,0.45397651],[0.76153846,0.35309284],[-0.0230769,3.22827742],
[0.57307692,1.03405761],[0.52692307,0.93317394],[0.83846153,0.95839486],
[0.65,1.63935963],[0.60384615,1.53847596],[0.10000000,0.65574385],
[0.05384615,0.55486018],[-0.1346153,1.23582495],[0.17692307,1.26104587],
[0.13076923,1.16016220],[-0.0576923,1.84112697],[-0.1038461,1.74024330],
[0.16153846,2.97606825],[0.71153846,0.68096476],[0.78846153,1.28626678],
[0.74230769,1.18538311],[0.05000000,0.98361577],[0.00384615,0.88273210],
[0.12692307,1.58891779],[0.08076923,1.48803412],[0.15769230,2.09333614],
[0.11153846,1.99245247],[0.23461538,2.69863816],[0.69230769,1.51325504],
[-0.2692307,1.81590605],[0.04615384,0.10088366],[0.0,0.0],
[0.31153846,0.02522091],[0.34230769,1.84112697],[0.29615384,1.74024330],
[0.10769230,2.42120807],[0.41923076,2.44642898],[0.06153846,2.32032440],
[0.37307692,2.34554531],[0.96923076,0.15132550],[0.92307692,0.05044183],
[0.18461538,3.02651008],[-0.3192307,2.14377797],[-0.2884615,2.64819632],
[0.26153846,0.35309284],[0.21538461,0.25220917],[0.16923076,0.15132550],
[0.29230769,2.16899889],[0.60384615,2.19421981],[0.24615384,2.06811522],
[0.55769230,2.09333614],[0.36923076,2.77430091],[0.32307692,2.67341724],
[0.27692307,2.57253357],[0.87307692,0.37831376],[0.82692307,0.27743009],
[0.35384615,3.17783559],[0.44615384,0.10088366],[0.4,0.0],
[-0.3384615,2.97606825],[-0.3846153,2.87518458],[0.16538461,0.58008110],
[0.47692307,0.60530201],[0.11923076,0.47919743],[0.43076923,0.50441834],
[0.55384615,2.52209174],[0.50769230,2.42120807],[0.46153846,2.32032440],
[0.22692307,2.90040550],[0.53846153,2.92562641],[0.49230769,2.82474274],
[-0.1999999,2.62297540],[-0.2461538,2.52209174],[0.35,0.32787192],
[0.66153846,0.35309284],[0.30384615,0.22698825],[0.61538461,0.25220917],
[-0.4346153,3.20305650],[-0.1230769,3.22827742],[-0.1692307,3.12739375],
[0.42692307,0.93317394],[0.38076923,0.83229027],[0.50384615,1.53847596],
[0.45769230,1.43759229],[0.41153846,2.64819632],[-0.0461538,0.55486018],
[0.48846153,3.25349834],[0.44230769,3.15261467],[-0.2038461,1.74024330],
[-0.2499999,1.63935963],[-0.2961538,2.84996366],[0.61153846,0.68096476],
[0.56538461,0.58008110],[0.64230769,1.18538311],[0.59615384,1.08449944],
[0.45384615,1.86634788],[0.40769230,1.76546421],[0.71923076,1.79068513],
[-0.0961538,0.88273210],[-0.0192307,1.48803412],[-0.0653846,1.38715045],
[-0.1115384,1.28626678],[-0.2538461,2.06811522],[-0.2999999,1.96723155],
[0.01153846,1.99245247],[0.82692307,0.93317394],[0.78076923,0.83229027],
[0.59230769,1.51325504],[0.54615384,1.41237137],[0.66923076,2.11855706],
[0.62307692,2.01767339],[0.57692307,1.91678972],[0.07307692,1.03405761],
[-0.0692307,1.81590605],[-0.1153846,1.71502238],[0.19615384,1.74024330],
[-0.1615384,1.61413871],[-0.0384615,2.32032440],[-0.0846153,2.21944073],
[0.51153846,0.02522091],[0.77692307,1.26104587],[-0.1307692,2.11855706],
[0.73076923,1.16016220],[0.57307692,2.34554531],[0.52692307,2.24466164],
[0.11538461,0.25220917],[0.06923076,0.15132550],[0.02307692,1.36192953],
[0.14615384,2.06811522],[0.10000000,1.96723155],[0.05384615,1.86634788],
[-0.1346153,2.54731265],[0.17692307,2.57253357],[-0.1807692,2.44642898],
[0.13076923,2.47164990],[0.72692307,0.27743009],[0.68076923,0.17654642],
[0.25384615,3.17783559],[0.3,0.0],[0.06538461,0.58008110],
[0.01923076,0.47919743],[-0.0269230,0.37831376],[0.09615384,1.08449944],
[0.05000000,2.29510348],[0.36153846,2.32032440],[0.00384615,2.19421981],
[0.31538461,2.21944073],[0.91153846,0.02522091],[0.12692307,2.90040550],
[0.08076923,2.79952183],[0.63076923,0.50441834],[0.89615384,0.42875559],
[-0.3461538,2.52209174],[0.25,0.32787192],[0.20384615,0.22698825],
[0.15769230,0.12610458],[-0.2692307,3.12739375],[0.28076923,0.83229027],
[-0.0769230,0.70618568],[0.23461538,0.73140660],[0.18846153,0.63052293],
[0.04615384,1.41237137],[0.31153846,2.64819632],[0.31153846,1.33670862],
[0.26538461,2.54731265],[0.34230769,3.15261467],[0.29615384,3.05173100],
[0.84615384,0.75662752],[-0.3961538,2.84996366],[0.46538461,0.58008110],
[0.10769230,0.45397651],[0.41923076,0.47919743],[0.37307692,0.37831376],
[0.23076923,1.16016220],[-0.4115384,3.25349834],[0.18461538,1.05927853],
[0.49615384,1.08449944],[0.13846153,0.95839486],[0.26153846,1.66458054],
[0.52692307,2.90040550],[0.21538461,1.56369687],[0.48076923,2.79952183],
[-0.1653846,1.38715045],[0.41538461,0.90795302],[-0.2269230,3.00128917],
[0.36923076,0.80706935],[0.32307692,0.70618568],[0.44615384,1.41237137],
[0.40000000,1.31148770],[0.35384615,1.21060403],[0.47692307,3.22827742],
[0.16538461,1.89156880],[0.47692307,1.91678972],[0.43076923,3.12739375],
[0.43076923,1.81590605],[-0.2153846,1.71502238],[-0.1846153,2.21944073],
[-0.2307692,2.11855706],[0.58461538,1.05927853],[0.53846153,0.95839486],
[0.35000000,1.63935963],[0.66153846,1.66458054],[0.30384615,1.53847596],
[0.61538461,1.56369687],[0.42692307,2.24466164],[0.38076923,2.14377797],
[5.46571335,1.96723155],[-0.0461538,1.86634788],[-0.0923076,1.76546421],
[-0.2346153,2.54731265],[-0.2807692,2.44642898],[-0.3269230,2.34554531],
[0.58076923,0.17654642],[0.53461538,1.38715045],[0.53461538,0.07566275],
[0.48846153,1.28626678],[-0.2038461,3.05173100],[0.61153846,1.99245247],
[0.56538461,1.89156880],[0.59615384,2.39598715],[-0.0499999,2.29510348],
[-0.0499999,0.98361577],[-0.0961538,2.19421981],[0.21538461,2.21944073],
[-0.1423076,2.09333614],[-0.0192307,2.79952183],[-0.3769230,2.67341724],
[-0.0653846,2.69863816],[0.53076923,0.50441834],[-0.1115384,2.59775449],
[0.48461538,0.40353467],[0.79615384,0.42875559],[0.43846153,0.30265100],
[0.05769230,0.12610458],[0.01153846,0.02522091],[0.54615384,2.72385907],
[0.13461538,0.73140660],[-0.0999999,1.31148770],[0.16538461,2.54731265],
[0.11923076,2.44642898],[0.71538461,0.25220917],[0.07307692,2.34554531],
[0.66923076,0.15132550],[0.62307692,0.05044183],[-0.0692307,3.12739375],
[-0.1153846,3.02651008],[0.19615384,3.05173100],[-0.1615384,2.92562641],
[0.74615384,0.75662752],[0.7,0.65574385],[0.00769230,0.45397651],
[0.31923076,0.47919743],[-0.0384615,0.35309284],[0.27307692,0.37831376],
[0.08461538,1.05927853],[0.03846153,0.95839486],[-0.0076923,0.85751119],
[0.11538461,1.56369687],[0.06923076,2.77430091],[0.06923076,1.46281320],
[0.02307692,2.67341724],[0.33461538,2.69863816],[0.88461538,0.40353467],
[0.83846153,0.30265100],[0.05384615,3.17783559],[0.65,0.98361577],
[0.26923076,0.80706935],[0.22307692,0.70618568],[0.17692307,0.60530201],
[-0.0115384,1.28626678],[0.30000000,1.31148770],[-0.0576923,1.18538311],
[0.25384615,1.21060403],[0.06538461,1.89156880],[0.01923076,1.79068513],
[0.28461538,3.02651008],[0.23846153,2.92562641],[0.83461538,0.73140660],
[0.78846153,0.63052293],[0.12692307,0.93317394],[0.43846153,0.95839486],
[0.25000000,1.63935963],[0.20384615,1.53847596],[0.15769230,1.43759229],
[0.28076923,2.14377797],[0.23461538,2.04289430],[0.18846153,3.25349834],
[0.18846153,1.94201063],[0.12307692,0.05044183],[0.43461538,0.07566275],
[0.38846153,1.28626678],[0.34230769,1.18538311],[-0.3499999,2.95084733],
[0.46538461,1.89156880],[0.10769230,1.76546421],[0.41923076,1.79068513],
[0.37307692,1.68980146],[0.23076923,2.47164990],[0.18461538,2.37076623],
[0.49615384,2.39598715],[0.13846153,2.26988256],[-0.2423076,2.09333614],
[-0.2884615,1.99245247],[-0.1653846,2.69863816],[-0.2115384,2.59775449],
[0.38461538,0.40353467],[0.33846153,0.30265100],[0.29230769,0.20176733],
[0.55769230,1.43759229],[0.41538461,2.21944073],[0.36923076,2.11855706],
[0.32307692,2.01767339],[0.44615384,2.72385907],[0.40000000,2.62297540],
[-0.2923076,2.42120807],[0.01923076,2.44642898],[-0.3384615,2.32032440],
[-0.0269230,2.34554531],[0.56923076,0.15132550],[0.52307692,0.05044183],
[-0.2153846,3.02651008],[-0.2615384,2.92562641],[-0.3076923,2.82474274],
[0.28846153,0.63052293],[0.6,0.65574385],[0.24230769,0.52963926],
[0.55384615,0.55486018],[0.50769230,1.76546421],[0.58461538,2.37076623],
[0.53846153,2.26988256],[0.35000000,2.95084733],[-0.1076923,0.85751119],
[-0.0307692,2.77430091],[-0.0769230,2.67341724],[-0.1230769,2.57253357],
[0.47307692,0.37831376],[0.78461538,0.40353467],[0.42692307,0.27743009],
[0.73846153,0.30265100],[-0.3576923,3.15261467],[-0.0461538,3.17783559],
[0.55,0.98361577],[-0.0923076,3.07695192],[0.50384615,0.88273210],
[0.45769230,0.78184843],[0.58076923,1.48803412],[0.53461538,2.69863816],
[0.48846153,2.59775449],[0.07692307,0.60530201],[0.03076923,0.50441834],
[-0.1576923,1.18538311],[0.61153846,0.02522091],[-0.1269230,1.68980146],
[-0.1730769,2.90040550],[0.13846153,2.92562641],[-0.1730769,1.58891779],
[0.73461538,0.73140660],[0.09230769,2.82474274],[0.68846153,0.63052293],
[0.64230769,0.52963926],[0.76538461,1.23582495],[0.40769230,1.10972036],
[0.71923076,1.13494128],[0.67307692,1.03405761],[0.53076923,1.81590605],
[0.02692307,0.93317394],[-0.0192307,0.83229027],[0.05769230,1.43759229],
[0.01153846,1.33670862],[-0.1769230,2.01767339],[0.13461538,2.04289430],
[0.08846153,3.25349834],[-0.2230769,1.91678972],[0.04230769,3.15261467],
[0.59230769,0.85751119],[0.85769230,0.78184843],[0.71538461,1.56369687],
[0.66923076,1.46281320],[0.62307692,1.36192953],[0.24230769,1.18538311],
[0.19615384,1.08449944],[0.00769230,1.76546421],[0.31923076,1.79068513],
[-0.0384615,1.66458054],[0.27307692,1.68980146],[0.08461538,2.37076623],
[0.03846153,2.26988256],[-0.0076923,2.16899889],[0.9,0.0],
[0.80769230,1.10972036],[0.19230769,1.51325504],[0.19230769,0.20176733],
[0.14615384,1.41237137],[0.26923076,2.11855706],[0.22307692,2.01767339],
[0.17692307,1.91678972],[0.30000000,2.62297540],[-0.0576923,2.49687082],
[0.25384615,2.52209174],[0.85,0.32787192],[0.80384615,0.22698825],
[-0.4076923,2.82474274],[0.14230769,0.52963926],[0.09615384,0.42875559],
[0.36153846,1.66458054],[0.48461538,2.37076623],[0.12692307,2.24466164],
[0.43846153,2.26988256],[0.39230769,2.16899889],[0.25000000,2.95084733],
[0.20384615,2.84996366],[0.15769230,2.74907999],[-0.2230769,2.57253357],
[-0.2692307,2.47164990],[0.32692307,0.27743009],[0.28076923,0.17654642],
[-0.4576923,3.15261467],[0.04615384,0.75662752],[0.35769230,0.78184843],
[0.31153846,1.99245247],[0.31153846,0.68096476],[0.43461538,2.69863816],
[0.43461538,1.38715045],[0.38846153,2.59775449],[0.34230769,2.49687082],
[0.89230769,0.20176733],[0.46538461,3.20305650],[0.10769230,3.07695192],
[0.41923076,3.10217284],[0.37307692,3.00128917],[-0.2730769,2.90040550],
[-0.3192307,2.79952183],[0.54230769,0.52963926],[0.49615384,0.42875559],
[0.30769230,1.10972036],[0.61923076,1.13494128],[0.26153846,1.00883669],
[0.38461538,1.71502238],[-0.1192307,0.83229027],[0.55769230,2.74907999],
[-0.0884615,1.33670862],[-0.0576923,3.15261467],[-0.1038461,3.05173100],
[0.49230769,0.85751119],[0.80384615,0.88273210],[0.44615384,0.75662752],
[0.75769230,0.78184843],[0.56923076,1.46281320],[0.52307692,1.36192953],
[0.47692307,1.26104587],[0.6,1.96723155],[0.55384615,1.86634788],
[-0.1692307,1.16016220],[0.50769230,3.07695192],[-0.1384615,1.66458054],
[-0.1846153,1.56369687],[-0.1076923,2.16899889],[0.75384615,1.21060403],
[-0.1538461,2.06811522],[0.70769230,1.10972036],[0.66153846,1.00883669],
[0.47307692,1.68980146],[0.42692307,1.58891779],[0.73846153,1.61413871],
[0.55,2.29510348],[0.50384615,2.19421981],[5.46571335,1.31148770],
[-0.0461538,1.21060403],[-0.2346153,1.89156880],[0.07692307,1.91678972],
[0.03076923,1.81590605],[-0.1576923,2.49687082],[-0.2038461,2.39598715],
[0.70384615,0.22698825],[0.65769230,0.12610458],[0.61153846,1.33670862],
[0.68846153,1.94201063],[0.64230769,1.84112697],[-0.0038461,0.42875559],
[-0.0499999,1.63935963],[-0.0499999,0.32787192],[-0.0961538,1.53847596],
[0.02692307,2.24466164],[-0.0192307,2.14377797],[0.05769230,2.74907999],
[0.65384615,0.55486018],[0.01153846,2.64819632],[0.60769230,0.45397651],
[0.91923076,0.47919743],[0.59230769,2.16899889],[-0.3692307,2.47164990],
[0.18076923,0.17654642],[0.13461538,0.07566275],[-0.0538461,0.75662752],
[-0.0999999,0.65574385],[0.21153846,0.68096476],[0.24230769,2.49687082],
[0.19615384,2.39598715],[0.79230769,0.20176733],[0.74615384,0.10088366],
[0.00769230,3.07695192],[0.31923076,3.10217284],[-0.0384615,2.97606825],
[0.27307692,3.00128917],[0.86923076,0.80706935],[0.82307692,0.70618568],
[0.77692307,0.60530201],[-0.4192307,2.79952183],[0.13076923,0.50441834],
[0.08461538,0.40353467],[0.39615384,0.42875559],[0.03846153,0.30265100],
[0.16153846,1.00883669],[0.11538461,0.90795302],[0.06923076,0.80706935],
[0.19230769,2.82474274],[0.50384615,2.84996366],[0.14615384,2.72385907],
[0.45769230,2.74907999],[0.17692307,3.22827742],[0.77307692,1.03405761],
[0.72692307,0.93317394],[0.22307692,0.05044183],[-0.2499999,2.95084733],
[0.34615384,0.75662752],[0.3,0.65574385],[0.25384615,0.55486018],
[0.06538461,1.23582495],[0.37692307,1.26104587],[0.01923076,1.13494128],
[0.33076923,1.16016220],[0.45384615,3.17783559],[0.40769230,3.07695192],
[0.36153846,2.97606825],[-0.3461538,3.17783559],[0.25,0.98361577],
[0.56153846,1.00883669],[0.20384615,0.88273210],[0.51538461,0.90795302],
[0.32692307,1.58891779],[0.28076923,1.48803412],[0.40384615,2.19421981],
[0.35769230,2.09333614],[-0.1461538,1.21060403],[-0.3038461,2.39598715],
[-0.3499999,2.29510348],[0.24615384,0.10088366],[0.51153846,1.33670862],
[0.46538461,1.23582495],[0.54230769,1.84112697],[0.49615384,1.74024330],
[0.30769230,2.42120807],[0.61923076,2.44642898],[-0.1961538,1.53847596],
[-0.1192307,2.14377797],[-0.1653846,2.04289430],[-0.2115384,1.94201063],
[-0.3538461,2.72385907],[-0.3999999,2.62297540],[-0.0884615,2.64819632],
[0.46153846,0.35309284],[0.72692307,1.58891779],[0.41538461,0.25220917],
[0.68076923,1.48803412],[0.49230769,2.16899889],[0.44615384,2.06811522],
[0.03461538,0.07566275],[0.56923076,2.77430091],[0.52307692,2.67341724],
[0.47692307,2.57253357],[-0.0269230,1.68980146],[-0.1692307,2.47164990],
[-0.2153846,2.37076623],[0.09615384,2.39598715],[-0.2615384,2.26988256],
[0.64615384,0.10088366],[0.6,0.0],[-0.1384615,2.97606825],
[-0.1846153,2.87518458],[0.67692307,1.91678972],[0.36538461,0.58008110],
[0.67692307,0.60530201],[0.63076923,1.81590605],[-0.2307692,2.77430091],
[-0.0153846,0.40353467],[0.42692307,2.90040550],[0.01538461,0.90795302],
[-0.0307692,0.80706935],[-0.0769230,2.01767339],[0.04615384,2.72385907],
[1.09314267,2.62297540],[-0.0461538,2.52209174],[0.55,0.32787192],
[0.86153846,0.35309284],[0.50384615,0.22698825],[0.81538461,0.25220917],
[-0.2346153,3.20305650],[0.07692307,3.22827742],[-0.2807692,3.10217284],
[0.03076923,3.12739375],[0.62692307,0.93317394],[0.58076923,0.83229027],
[0.20000000,0.65574385],[0.15384615,0.55486018],[-0.0346153,1.23582495],
[-0.0807692,1.13494128],[-0.1269230,1.03405761],[0.73461538,0.07566275],
[-0.0038461,1.74024330],[-0.0499999,2.95084733],[0.26153846,2.97606825],
[-0.0961538,2.84996366],[0.21538461,2.87518458],[0.81153846,0.68096476],
[0.76538461,0.58008110],[0.79615384,1.08449944],[-0.4461538,3.17783559],
[0.15000000,0.98361577],[0.10384615,0.88273210],[0.05769230,0.78184843],
[0.18076923,1.48803412],[-0.1769230,1.36192953],[0.13461538,1.38715045],
[0.08846153,1.28626678],[-0.0538461,2.06811522],[0.21153846,1.99245247],
[0.16538461,3.20305650],[0.74615384,1.41237137],[0.1,0.0],
[0.36538461,1.23582495],[0.00769230,1.10972036],[0.31923076,1.13494128],
[0.27307692,1.03405761],[0.13076923,1.81590605],[0.08461538,1.71502238],
[0.39615384,1.74024330],[0.03846153,1.61413871],[0.16153846,2.32032440],
[0.11538461,2.21944073],[-0.2653846,2.04289430],[0.31538461,1.56369687],
[0.31538461,0.25220917],[0.26923076,1.46281320],[0.26923076,0.15132550],
[0.22307692,1.36192953],[0.34615384,2.06811522],[0.30000000,1.96723155],
[0.25384615,1.86634788],[0.06538461,2.54731265],[0.37692307,2.57253357],
[0.33076923,2.47164990],[-0.3153846,2.37076623],[0.5,0.0],
[-0.2846153,2.87518458],[-0.3307692,2.77430091],[0.26538461,0.58008110],
[0.21923076,0.47919743],[0.48461538,1.71502238],[0.43846153,1.61413871],
[0.25000000,2.29510348],[0.56153846,2.32032440],[0.20384615,2.19421981],
[0.51538461,2.21944073],[0.32692307,2.90040550],[0.28076923,2.79952183],
[-0.0999999,2.62297540],[-0.1461538,2.52209174],[0.45,0.32787192],
[-0.1923076,2.42120807],[0.40384615,0.22698825],[0.35769230,0.12610458],
[-0.3346153,3.20305650],
